210942999  1.8088
210643507 22.2675
210563410 21.4717
210865372 12.3675
210499476  0.8584
211084463 22.1036
211058178 12.5745
211169647 14.6609
211137806 14.3802
210359769 22.1036
210894955 38.0683
210704853 22.7739
210365286  0.8686
210384590 22.4337
211201094 15.1794
210941195 20.5888
210579563  1.2774
211026112  1.3183
210976212 22.2675
210769813  1.8626
210419589  2.6612
210772796 11.6032
210523892  0.2967
210742592  0.8037
210835395  0.2495
210771915 13.914
210744677  0.4812
210827030  0.5111
211049709  9.3908
211036776 21.021
210371851 37.592
211041649  2.3094
210963067  1.8443
210490365 22.7739
210497173  1.8489
211088189 28.9101
210517837 39.5726
210432080  2.9001
210980637 39.5726
210744818 12.8433
210470484  2.3883
210408563  8.6599
210707811 22.4337
210489127  3.6463
210451321 10.1182
211019716  1.8626
210700098  2.3381
210736105 19.7757
210489654 39.5726
210459199  3.6419
210774807  0.1515
210693497 22.6025
210786154 10.017
210718930  2.421
210674406 11.4703
210754620 21.9422
210742017 22.4337
210741091 10.9678
210667985  0.2452
210743724 22.6025
210640966  2.5614
210675409  0.2461
210674207  1.0549
210709514 11.1718
210651981  2.4427
