1.430163000000000000e+06 4.160000000000000142e+00 9.200000000000000400e-01 6.796000000000000000e+03 7.800000000000000000e+01 4.237000000000000099e+00 1.700000000000000122e-02 -2.000000000000000111e-01 2.999999999999999889e-01 1.300000000000000044e+00 7.500000000000000000e-01
1.435467000000000000e+06 6.679999999999999716e+00 8.900000000000000133e-01 6.433000000000000000e+03 8.600000000000000000e+01 4.091000000000000192e+00 1.899999999999999953e-02 -2.000000000000000111e-01 2.999999999999999889e-01 4.500000000000000000e+00 1.250000000000000000e+00
2.450729000000000000e+06 5.300000000000000000e+01 5.320000000000000284e+00 6.029000000000000000e+03 5.900000000000000000e+01 3.991999999999999993e+00 1.750000000000000167e-02 -2.000000000000000111e-01 2.999999999999999889e-01 5.799999999999999822e+00 1.549999999999999822e+00
2.837475000000000000e+06 3.680000000000000160e+00 3.599999999999999867e-01 6.688000000000000000e+03 5.700000000000000000e+01 4.173000000000000043e+00 1.800000000000000211e-02 -2.000000000000000111e-01 2.999999999999999889e-01 1.800000000000000044e+00 7.500000000000000000e-01
2.852862000000000000e+06 1.013000000000000078e+01 6.300000000000000044e-01 6.417000000000000000e+03 5.800000000000000000e+01 3.972999999999999865e+00 1.600000000000000033e-02 -2.000000000000000111e-01 2.999999999999999889e-01 2.600000000000000089e+00 7.500000000000000000e-01
2.865774000000000000e+06 6.219999999999999751e+00 5.600000000000000533e-01 6.074000000000000000e+03 6.300000000000000000e+01 4.035999999999999588e+00 2.350000000000000006e-02 -2.000000000000000111e-01 2.999999999999999889e-01 4.299999999999999822e+00 1.199999999999999956e+00
2.998253000000000000e+06 6.790000000000000036e+00 5.300000000000000266e-01 6.333000000000000000e+03 5.400000000000000000e+01 4.235000000000000320e+00 2.999999999999999889e-02 -2.000000000000000111e-01 2.999999999999999889e-01 2.100000000000000089e+00 1.600000000000000089e+00
3.112152000000000000e+06 1.548000000000000043e+01 1.189999999999999947e+00 6.282000000000000000e+03 5.900000000000000000e+01 4.057999999999999829e+00 1.850000000000000255e-02 -2.000000000000000111e-01 2.999999999999999889e-01 3.000000000000000000e+00 1.049999999999999822e+00
3.123191000000000000e+06 2.032999999999999829e+01 1.379999999999999893e+00 6.568000000000000000e+03 9.300000000000000000e+01 4.240000000000000213e+00 2.400000000000000050e-02 -2.000000000000000111e-01 2.999999999999999889e-01 2.200000000000000178e+00 1.649999999999999911e+00
3.223000000000000000e+06 4.849999999999999645e+00 3.900000000000000133e-01 6.198000000000000000e+03 4.700000000000000000e+01 4.360999999999999766e+00 2.700000000000000316e-02 -2.000000000000000111e-01 2.999999999999999889e-01 2.299999999999999822e+00 2.950000000000000178e+00
3.236382000000000000e+06 3.660000000000000142e+00 4.199999999999999845e-01 6.831000000000000000e+03 5.800000000000000000e+01 4.171999999999999709e+00 1.949999999999999997e-02 -2.000000000000000111e-01 2.999999999999999889e-01 1.800000000000000044e+00 8.000000000000000444e-01
3.241581000000000000e+06 2.626000000000000156e+01 2.009999999999999787e+00 5.770000000000000000e+03 8.100000000000000000e+01 4.362000000000000099e+00 2.099999999999999784e-02 -2.000000000000000111e-01 2.999999999999999889e-01 1.030000000000000071e+01 5.000000000000000000e+00
3.344897000000000000e+06 5.660000000000000142e+00 9.399999999999999467e-01 6.630000000000000000e+03 8.300000000000000000e+01 3.892999999999999794e+00 1.949999999999999997e-02 -2.000000000000000111e-01 2.999999999999999889e-01 2.600000000000000089e+00 9.000000000000000222e-01
3.424541000000000000e+06 3.459999999999999964e+00 3.300000000000000155e-01 6.475000000000000000e+03 6.600000000000000000e+01 3.833000000000000185e+00 2.050000000000000086e-02 -2.000000000000000111e-01 2.999999999999999889e-01 2.700000000000000178e+00 1.000000000000000000e+00
3.632418000000000000e+06 1.289000000000000057e+01 1.379999999999999893e+00 6.825000000000000000e+03 8.100000000000000000e+01 4.008000000000000007e+00 2.099999999999999784e-02 -2.000000000000000111e-01 2.999999999999999889e-01 4.400000000000000355e+00 1.899999999999999911e+00
3.633847000000000000e+06 1.096000000000000085e+01 1.030000000000000027e+00 5.256000000000000000e+03 7.100000000000000000e+01 4.008000000000000007e+00 1.650000000000000078e-02 -2.000000000000000111e-01 2.999999999999999889e-01 4.599999999999999645e+00 9.499999999999999556e-01
3.642422000000000000e+06 4.872999999999999687e+01 -8.189999999999999503e+00 6.122000000000000000e+03 5.100000000000000000e+01 3.593999999999999861e+00 2.199999999999999872e-02 -2.000000000000000111e-01 2.999999999999999889e-01 4.200000000000000178e+00 1.600000000000000089e+00
3.643774000000000000e+06 1.440000000000000036e+01 1.560000000000000053e+00 6.452000000000000000e+03 4.900000000000000000e+01 4.115999999999999659e+00 1.700000000000000122e-02 -2.000000000000000111e-01 2.999999999999999889e-01 5.599999999999999645e+00 1.850000000000000089e+00
3.656476000000000000e+06 3.167000000000000171e+01 3.529999999999999805e+00 5.325000000000000000e+03 9.800000000000000000e+01 4.219000000000000306e+00 1.200000000000000025e-02 -2.000000000000000111e-01 2.999999999999999889e-01 9.199999999999999289e+00 3.600000000000000089e+00
3.657002000000000000e+06 1.601999999999999957e+01 1.540000000000000036e+00 6.029000000000000000e+03 1.040000000000000000e+02 4.157000000000000028e+00 1.449999999999999900e-02 -2.000000000000000111e-01 2.999999999999999889e-01 4.500000000000000000e+00 1.449999999999999956e+00
3.661135000000000000e+06 2.839000000000000057e+01 4.830000000000000071e+00 5.684000000000000000e+03 5.600000000000000000e+01 3.927999999999999936e+00 1.299999999999999940e-02 -2.000000000000000111e-01 2.999999999999999889e-01 6.599999999999999645e+00 1.000000000000000000e+00
3.733735000000000000e+06 2.560000000000000053e+00 1.900000000000000022e-01 5.603000000000000000e+03 7.100000000000000000e+01 4.277999999999999581e+00 1.700000000000000122e-02 -2.000000000000000111e-01 2.999999999999999889e-01 9.000000000000000222e-01 8.499999999999999778e-01
3.735871000000000000e+06 1.152999999999999936e+01 1.239999999999999991e+00 5.894000000000000000e+03 5.800000000000000000e+01 4.395999999999999908e+00 1.999999999999999695e-02 -2.000000000000000111e-01 2.999999999999999889e-01 1.600000000000000089e+00 2.099999999999999645e+00
3.761840000000000000e+06 3.919999999999999929e+00 2.899999999999999800e-01 6.711000000000000000e+03 6.600000000000000000e+01 3.741999999999999993e+00 2.650000000000000272e-02 -2.000000000000000111e-01 2.999999999999999889e-01 2.200000000000000178e+00 8.500000000000000888e-01
3.942719000000000000e+06 3.796999999999999886e+01 5.049999999999999822e+00 6.236000000000000000e+03 6.100000000000000000e+01 3.837000000000000188e+00 1.949999999999999997e-02 -2.000000000000000111e-01 2.999999999999999889e-01 5.500000000000000000e+00 1.149999999999999911e+00
3.952580000000000000e+06 8.975000000000000000e+01 7.620000000000000107e+00 5.736000000000000000e+03 6.500000000000000000e+01 3.771999999999999797e+00 1.449999999999999900e-02 -2.000000000000000111e-01 2.999999999999999889e-01 2.000000000000000000e+00 4.500000000000000111e-01
3.967430000000000000e+06 2.250000000000000000e+00 1.700000000000000122e-01 6.210000000000000000e+03 1.180000000000000000e+02 4.251000000000000334e+00 1.650000000000000078e-02 -2.000000000000000111e-01 2.999999999999999889e-01 1.100000000000000089e+00 6.999999999999999556e-01
4.049576000000000000e+06 2.091000000000000014e+01 3.000000000000000000e+00 6.211000000000000000e+03 7.800000000000000000e+01 3.916999999999999815e+00 2.400000000000000050e-02 -2.000000000000000111e-01 2.999999999999999889e-01 4.700000000000000178e+00 1.100000000000000089e+00
4.346201000000000000e+06 2.030999999999999872e+01 2.390000000000000124e+00 5.094000000000000000e+03 6.300000000000000000e+01 3.979000000000000092e+00 1.549999999999999989e-02 -2.000000000000000111e-01 2.999999999999999889e-01 3.399999999999999911e+00 8.500000000000000888e-01
4.465324000000000000e+06 4.596999999999999886e+01 3.589999999999999858e+00 5.410000000000000000e+03 6.000000000000000000e+01 4.193999999999999950e+00 1.549999999999999989e-02 -2.000000000000000111e-01 2.999999999999999889e-01 5.299999999999999822e+00 2.600000000000000089e+00
4.465529000000000000e+06 6.549999999999999822e+00 6.800000000000000488e-01 5.968000000000000000e+03 5.900000000000000000e+01 4.126999999999999780e+00 2.600000000000000228e-02 -2.000000000000000111e-01 2.999999999999999889e-01 2.899999999999999911e+00 1.350000000000000089e+00
4.543171000000000000e+06 1.408999999999999986e+01 2.080000000000000071e+00 5.483000000000000000e+03 5.800000000000000000e+01 4.121000000000000441e+00 1.650000000000000078e-02 -2.000000000000000111e-01 2.999999999999999889e-01 3.000000000000000000e+00 8.000000000000000444e-01
4.554830000000000000e+06 7.610000000000000320e+00 5.300000000000000266e-01 5.850000000000000000e+03 5.900000000000000000e+01 4.179000000000000270e+00 1.400000000000000029e-02 -2.000000000000000111e-01 2.999999999999999889e-01 8.199999999999999289e+00 4.450000000000000178e+00
4.571351000000000000e+06 1.511999999999999922e+01 1.389999999999999902e+00 6.345000000000000000e+03 4.900000000000000000e+01 4.133000000000000007e+00 2.600000000000000228e-02 -2.000000000000000111e-01 2.999999999999999889e-01 6.599999999999999645e+00 2.700000000000000178e+00
4.574610000000000000e+06 3.250000000000000000e+00 5.200000000000000178e-01 5.466000000000000000e+03 6.000000000000000000e+01 3.693000000000000060e+00 1.800000000000000211e-02 -2.000000000000000111e-01 2.999999999999999889e-01 3.700000000000000178e+00 8.500000000000000888e-01
4.646780000000000000e+06 4.250000000000000000e+00 1.139999999999999902e+00 6.383000000000000000e+03 5.800000000000000000e+01 4.027000000000000135e+00 2.000000000000000042e-02 -2.000000000000000111e-01 2.999999999999999889e-01 2.899999999999999911e+00 8.000000000000000444e-01
4.755204000000000000e+06 2.287999999999999901e+01 4.040000000000000036e+00 6.856000000000000000e+03 1.380000000000000000e+02 4.089000000000000412e+00 1.299999999999999940e-02 -2.000000000000000111e-01 2.999999999999999889e-01 4.400000000000000355e+00 1.100000000000000089e+00
4.756112000000000000e+06 5.429999999999999716e+00 4.600000000000000200e-01 5.779000000000000000e+03 8.800000000000000000e+01 3.771999999999999797e+00 2.249999999999999917e-02 -2.000000000000000111e-01 2.999999999999999889e-01 2.399999999999999911e+00 8.499999999999999778e-01
4.842436000000000000e+06 2.742999999999999972e+01 3.700000000000000178e+00 6.073000000000000000e+03 7.000000000000000000e+01 4.083000000000000185e+00 2.450000000000000094e-02 -2.000000000000000111e-01 2.999999999999999889e-01 6.299999999999999822e+00 2.250000000000000000e+00
4.914923000000000000e+06 2.048999999999999844e+01 2.819999999999999840e+00 5.966000000000000000e+03 6.700000000000000000e+01 4.184999999999999609e+00 1.499999999999999944e-02 -2.000000000000000111e-01 2.999999999999999889e-01 1.109999999999999964e+01 9.050000000000000711e+00
5.084157000000000000e+06 2.225000000000000000e+01 2.850000000000000089e+00 5.953000000000000000e+03 5.900000000000000000e+01 4.201999999999999957e+00 1.849999999999999908e-02 -2.000000000000000111e-01 2.999999999999999889e-01 5.000000000000000000e+00 2.500000000000000000e+00
5.095159000000000000e+06 9.415000000000000568e+01 1.107000000000000028e+01 6.262000000000000000e+03 4.500000000000000000e+01 3.681999999999999940e+00 1.949999999999999997e-02 -2.000000000000000111e-01 2.999999999999999889e-01 5.099999999999999645e+00 2.100000000000000089e+00
5.095850000000000000e+06 4.379999999999999893e+00 4.799999999999999822e-01 5.086000000000000000e+03 6.300000000000000000e+01 3.887999999999999901e+00 2.149999999999999828e-02 -2.000000000000000111e-01 2.999999999999999889e-01 3.200000000000000178e+00 1.049999999999999822e+00
5.184732000000000000e+06 1.978999999999999915e+01 2.430000000000000160e+00 5.192000000000000000e+03 6.700000000000000000e+01 4.256999999999999673e+00 1.200000000000000025e-02 -2.000000000000000111e-01 2.999999999999999889e-01 5.299999999999999822e+00 1.800000000000000044e+00
5.265656000000000000e+06 7.335999999999999943e+01 8.949999999999999289e+00 5.841000000000000000e+03 2.900000000000000000e+02 3.673000000000000043e+00 6.600000000000000311e-02 -2.000000000000000111e-01 2.999999999999999889e-01 5.700000000000000178e+00 4.250000000000000000e+00
5.309966000000000000e+06 1.097000000000000064e+01 9.200000000000000400e-01 6.194000000000000000e+03 5.400000000000000000e+01 4.144999999999999574e+00 1.499999999999999944e-02 -2.000000000000000111e-01 2.999999999999999889e-01 2.399999999999999911e+00 6.999999999999999556e-01
5.344612000000000000e+06 1.458999999999999986e+01 1.540000000000000036e+00 5.770000000000000000e+03 9.600000000000000000e+01 4.073000000000000398e+00 1.700000000000000122e-02 -2.000000000000000111e-01 2.999999999999999889e-01 3.000000000000000000e+00 8.000000000000000444e-01
5.353186000000000000e+06 1.299000000000000021e+01 1.179999999999999938e+00 5.099000000000000000e+03 9.000000000000000000e+01 3.899999999999999911e+00 1.399999999999999856e-02 -2.000000000000000111e-01 2.999999999999999889e-01 2.899999999999999911e+00 8.500000000000000888e-01
5.371516000000000000e+06 5.230000000000000426e+00 4.799999999999999822e-01 6.356000000000000000e+03 6.100000000000000000e+01 3.970000000000000195e+00 1.549999999999999989e-02 -2.000000000000000111e-01 2.999999999999999889e-01 3.500000000000000000e+00 9.500000000000000666e-01
5.431016000000000000e+06 1.653999999999999915e+01 5.530000000000000249e+00 6.350000000000000000e+03 8.100000000000000000e+01 3.923000000000000043e+00 3.049999999999999933e-02 -2.000000000000000111e-01 2.999999999999999889e-01 2.899999999999999911e+00 1.100000000000000089e+00
5.431807000000000000e+06 2.739999999999999858e+01 2.140000000000000124e+00 4.814000000000000000e+03 6.400000000000000000e+01 3.579000000000000181e+00 1.049999999999999892e-02 -2.000000000000000111e-01 2.999999999999999889e-01 3.299999999999999822e+00 9.500000000000000666e-01
5.450445000000000000e+06 1.290000000000000036e+01 1.179999999999999938e+00 5.303000000000000000e+03 7.400000000000000000e+01 3.995000000000000107e+00 1.200000000000000025e-02 -2.000000000000000111e-01 2.999999999999999889e-01 3.299999999999999822e+00 7.500000000000000000e-01
5.468089000000000000e+06 1.123000000000000043e+01 1.080000000000000071e+00 6.601000000000000000e+03 6.200000000000000000e+01 4.008000000000000007e+00 1.600000000000000033e-02 -2.000000000000000111e-01 2.999999999999999889e-01 2.700000000000000178e+00 7.500000000000000000e-01
5.516982000000000000e+06 2.360000000000000142e+01 2.060000000000000053e+00 6.212000000000000000e+03 4.900000000000000000e+01 4.192999999999999616e+00 1.750000000000000167e-02 -2.000000000000000111e-01 2.999999999999999889e-01 3.000000000000000000e+00 1.350000000000000089e+00
5.523099000000000000e+06 6.385999999999999943e+01 9.599999999999999645e+00 6.728000000000000000e+03 4.290000000000000000e+02 3.782999999999999918e+00 1.449999999999999900e-02 -2.000000000000000111e-01 2.999999999999999889e-01 5.000000000000000000e+00 8.000000000000000444e-01
5.530375000000000000e+06 2.160999999999999943e+01 2.100000000000000089e+00 5.789000000000000000e+03 5.600000000000000000e+01 3.698999999999999844e+00 1.499999999999999944e-02 -2.000000000000000111e-01 2.999999999999999889e-01 3.700000000000000178e+00 7.500000000000000000e-01
5.543462000000000000e+06 2.232000000000000028e+01 1.729999999999999982e+00 6.444000000000000000e+03 5.000000000000000000e+01 4.229000000000000092e+00 2.550000000000000183e-02 -2.000000000000000111e-01 2.999999999999999889e-01 3.100000000000000089e+00 2.350000000000000089e+00
5.686856000000000000e+06 1.775000000000000000e+01 2.149999999999999911e+00 5.203000000000000000e+03 9.400000000000000000e+01 3.994000000000000217e+00 1.299999999999999940e-02 -2.000000000000000111e-01 2.999999999999999889e-01 5.799999999999999822e+00 1.399999999999999911e+00
5.689219000000000000e+06 9.799999999999999822e-01 7.000000000000000666e-02 6.369000000000000000e+03 6.000000000000000000e+01 4.070999999999999730e+00 1.549999999999999989e-02 -2.000000000000000111e-01 2.999999999999999889e-01 2.799999999999999822e+00 7.500000000000000000e-01
5.773155000000000000e+06 7.509999999999999787e+00 9.000000000000000222e-01 6.574000000000000000e+03 5.400000000000000000e+01 4.041000000000000369e+00 1.849999999999999908e-02 -2.000000000000000111e-01 2.999999999999999889e-01 3.200000000000000178e+00 1.100000000000000089e+00
5.773345000000000000e+06 1.157000000000000028e+01 1.020000000000000018e+00 5.114000000000000000e+03 8.000000000000000000e+01 4.006000000000000227e+00 1.099999999999999936e-02 -2.000000000000000111e-01 2.999999999999999889e-01 2.799999999999999822e+00 6.999999999999999556e-01
5.774694000000000000e+06 1.209999999999999964e+01 1.030000000000000027e+00 5.290000000000000000e+03 9.100000000000000000e+01 4.429000000000000270e+00 2.199999999999999872e-02 -2.000000000000000111e-01 2.999999999999999889e-01 1.369999999999999929e+01 5.150000000000000355e+00
5.822889000000000000e+06 8.845999999999999375e+01 1.621999999999999886e+01 6.317000000000000000e+03 5.500000000000000000e+01 3.415000000000000036e+00 1.449999999999999900e-02 -2.000000000000000111e-01 2.999999999999999889e-01 1.699999999999999956e+00 5.500000000000000444e-01
5.955122000000000000e+06 1.912999999999999901e+01 2.410000000000000142e+00 5.295000000000000000e+03 7.900000000000000000e+01 3.883000000000000007e+00 1.600000000000000033e-02 -2.000000000000000111e-01 2.999999999999999889e-01 4.900000000000000355e+00 1.250000000000000000e+00
6.034893000000000000e+06 7.284999999999999432e+01 7.169999999999999929e+00 5.913000000000000000e+03 6.100000000000000000e+01 3.439999999999999947e+00 1.149999999999999981e-02 -2.000000000000000111e-01 2.999999999999999889e-01 1.800000000000000044e+00 5.000000000000000000e-01
6.049366000000000000e+06 9.589999999999999858e+00 6.800000000000000488e-01 5.381000000000000000e+03 7.900000000000000000e+01 3.995999999999999996e+00 2.249999999999999917e-02 -2.000000000000000111e-01 2.999999999999999889e-01 4.799999999999999822e+00 1.300000000000000044e+00
6.116048000000000000e+06 1.726000000000000156e+01 1.959999999999999964e+00 6.508000000000000000e+03 7.500000000000000000e+01 4.278999999999999915e+00 1.200000000000000025e-02 -2.000000000000000111e-01 2.999999999999999889e-01 4.799999999999999822e+00 2.600000000000000089e+00
6.119013000000000000e+06 4.236999999999999744e+01 1.709999999999999964e+00 5.329000000000000000e+03 5.800000000000000000e+01 3.536000000000000032e+00 1.899999999999999953e-02 -2.000000000000000111e-01 2.999999999999999889e-01 3.600000000000000089e+00 4.400000000000000355e+00
6.232600000000000000e+06 6.519999999999999574e+00 8.699999999999999956e-01 6.064000000000000000e+03 7.200000000000000000e+01 4.278999999999999915e+00 2.750000000000000014e-02 -2.000000000000000111e-01 2.999999999999999889e-01 1.600000000000000089e+00 1.449999999999999956e+00
6.287060000000000000e+06 2.941000000000000014e+01 2.000000000000000000e+00 5.391000000000000000e+03 5.800000000000000000e+01 4.141000000000000014e+00 1.949999999999999997e-02 -2.000000000000000111e-01 2.999999999999999889e-01 6.700000000000000178e+00 2.950000000000000178e+00
6.363365000000000000e+06 8.800000000000000711e+00 5.899999999999999689e-01 6.020000000000000000e+03 5.300000000000000000e+01 4.163000000000000256e+00 2.750000000000000014e-02 -2.000000000000000111e-01 2.999999999999999889e-01 1.050000000000000000e+01 7.450000000000000178e+00
6.448798000000000000e+06 6.440000000000000391e+00 5.600000000000000533e-01 6.464000000000000000e+03 7.300000000000000000e+01 3.833000000000000185e+00 1.799999999999999864e-02 -2.000000000000000111e-01 2.999999999999999889e-01 3.500000000000000000e+00 9.500000000000000666e-01
6.508366000000000000e+06 3.700000000000000178e+00 3.499999999999999778e-01 6.349000000000000000e+03 6.700000000000000000e+01 3.930000000000000160e+00 1.399999999999999856e-02 -2.000000000000000111e-01 2.999999999999999889e-01 3.600000000000000089e+00 9.000000000000000222e-01
6.520835000000000000e+06 1.393999999999999950e+01 1.590000000000000080e+00 5.995000000000000000e+03 6.900000000000000000e+01 3.907000000000000028e+00 1.499999999999999944e-02 -2.000000000000000111e-01 2.999999999999999889e-01 3.700000000000000178e+00 9.000000000000000222e-01
6.530901000000000000e+06 1.021000000000000085e+01 9.399999999999999467e-01 6.499000000000000000e+03 4.600000000000000000e+01 4.158999999999999808e+00 2.249999999999999917e-02 -2.000000000000000111e-01 2.999999999999999889e-01 3.200000000000000178e+00 1.500000000000000000e+00
6.587236000000000000e+06 1.789000000000000057e+01 2.169999999999999929e+00 5.806000000000000000e+03 9.000000000000000000e+01 3.644000000000000128e+00 2.100000000000000130e-02 -2.000000000000000111e-01 2.999999999999999889e-01 3.299999999999999822e+00 8.000000000000000444e-01
6.592305000000000000e+06 1.159999999999999964e+01 1.149999999999999911e+00 6.374000000000000000e+03 5.300000000000000000e+01 3.880999999999999783e+00 1.499999999999999944e-02 -2.000000000000000111e-01 2.999999999999999889e-01 3.000000000000000000e+00 8.499999999999999778e-01
6.593461000000000000e+06 2.573999999999999844e+01 2.970000000000000195e+00 5.333000000000000000e+03 6.400000000000000000e+01 4.197000000000000064e+00 3.099999999999999978e-02 -2.000000000000000111e-01 2.999999999999999889e-01 9.300000000000000711e+00 6.849999999999999645e+00
6.612225000000000000e+06 7.650000000000000355e+00 9.000000000000000222e-01 5.791000000000000000e+03 6.000000000000000000e+01 4.016000000000000014e+00 1.349999999999999985e-02 -2.000000000000000111e-01 2.999999999999999889e-01 3.399999999999999911e+00 1.000000000000000000e+00
6.679371000000000000e+06 5.480000000000000426e+00 5.000000000000000000e-01 6.222000000000000000e+03 6.000000000000000000e+01 3.947999999999999954e+00 1.800000000000000211e-02 -2.000000000000000111e-01 2.999999999999999889e-01 2.200000000000000178e+00 6.999999999999999556e-01
6.689943000000000000e+06 1.199000000000000021e+01 1.229999999999999982e+00 6.103000000000000000e+03 1.030000000000000000e+02 4.169999999999999929e+00 1.449999999999999900e-02 -2.000000000000000111e-01 2.999999999999999889e-01 4.099999999999999645e+00 1.299999999999999822e+00
6.766513000000000000e+06 1.617999999999999972e+01 1.159999999999999920e+00 5.563000000000000000e+03 6.100000000000000000e+01 3.919999999999999929e+00 1.949999999999999997e-02 -2.000000000000000111e-01 2.999999999999999889e-01 4.000000000000000000e+00 1.050000000000000044e+00
6.802438000000000000e+06 7.284999999999999432e+01 5.570000000000000284e+00 6.011000000000000000e+03 5.400000000000000000e+01 3.672000000000000153e+00 1.650000000000000078e-02 -2.000000000000000111e-01 2.999999999999999889e-01 4.799999999999999822e+00 1.350000000000000089e+00
6.853020000000000000e+06 4.820000000000000284e+00 4.199999999999999845e-01 5.286000000000000000e+03 8.300000000000000000e+01 3.955999999999999961e+00 2.299999999999999961e-02 -2.000000000000000111e-01 2.999999999999999889e-01 4.299999999999999822e+00 1.199999999999999956e+00
6.863041000000000000e+06 2.523999999999999844e+01 2.290000000000000036e+00 5.886000000000000000e+03 5.700000000000000000e+01 3.806000000000000050e+00 2.149999999999999828e-02 -2.000000000000000111e-01 2.999999999999999889e-01 4.799999999999999822e+00 8.499999999999999778e-01
7.019341000000000000e+06 3.253999999999999915e+01 5.830000000000000071e+00 5.570000000000000000e+03 6.800000000000000000e+01 4.147999999999999687e+00 2.100000000000000130e-02 -2.000000000000000111e-01 2.999999999999999889e-01 9.800000000000000711e+00 4.150000000000000355e+00
7.103006000000000000e+06 4.620000000000000107e+00 4.799999999999999822e-01 5.572000000000000000e+03 7.400000000000000000e+01 4.009999999999999787e+00 1.650000000000000078e-02 -2.000000000000000111e-01 2.999999999999999889e-01 3.399999999999999911e+00 1.050000000000000044e+00
7.133688000000000000e+06 9.009999999999999787e+00 1.139999999999999902e+00 6.074000000000000000e+03 5.800000000000000000e+01 4.033999999999999808e+00 2.050000000000000086e-02 -2.000000000000000111e-01 2.999999999999999889e-01 2.799999999999999822e+00 8.000000000000000444e-01
7.206837000000000000e+06 4.040000000000000036e+00 2.800000000000000266e-01 5.129000000000000000e+03 8.200000000000000000e+01 4.165000000000000036e+00 1.499999999999999944e-02 -2.000000000000000111e-01 2.999999999999999889e-01 3.000000000000000000e+00 1.050000000000000044e+00
7.216846000000000000e+06 5.999000000000000199e+01 7.820000000000000284e+00 6.400000000000000000e+03 6.300000000000000000e+01 3.591000000000000192e+00 1.549999999999999989e-02 -2.000000000000000111e-01 2.999999999999999889e-01 3.600000000000000089e+00 1.199999999999999956e+00
7.218053000000000000e+06 3.759999999999999787e+00 4.500000000000000111e-01 6.119000000000000000e+03 8.400000000000000000e+01 3.786999999999999922e+00 2.350000000000000006e-02 -2.000000000000000111e-01 2.999999999999999889e-01 4.400000000000000355e+00 1.050000000000000044e+00
7.282890000000000000e+06 5.759999999999999787e+00 5.500000000000000444e-01 5.124000000000000000e+03 8.400000000000000000e+01 3.878000000000000114e+00 1.700000000000000122e-02 -2.000000000000000111e-01 2.999999999999999889e-01 3.000000000000000000e+00 8.499999999999999778e-01
7.448374000000000000e+06 2.592000000000000171e+01 2.569999999999999840e+00 6.048000000000000000e+03 5.800000000000000000e+01 3.826999999999999957e+00 1.200000000000000025e-02 -2.000000000000000111e-01 2.999999999999999889e-01 5.000000000000000000e+00 1.299999999999999822e+00
7.465072000000000000e+06 9.439999999999999503e+00 8.599999999999999867e-01 5.796000000000000000e+03 6.700000000000000000e+01 4.094999999999999751e+00 4.599999999999999922e-02 -2.000000000000000111e-01 2.999999999999999889e-01 3.100000000000000089e+00 1.899999999999999911e+00
7.529180000000000000e+06 1.919999999999999929e+00 3.599999999999999867e-01 5.802000000000000000e+03 6.000000000000000000e+01 4.235999999999999766e+00 2.050000000000000086e-02 -2.000000000000000111e-01 2.999999999999999889e-01 1.500000000000000000e+00 8.499999999999999778e-01
7.591963000000000000e+06 2.455999999999999872e+01 4.759999999999999787e+00 6.836000000000000000e+03 6.200000000000000000e+01 3.988999999999999879e+00 1.799999999999999864e-02 -2.000000000000000111e-01 2.999999999999999889e-01 4.400000000000000355e+00 1.300000000000000044e+00
7.611858000000000000e+06 2.360999999999999943e+01 3.000000000000000000e+00 5.491000000000000000e+03 6.000000000000000000e+01 4.112000000000000099e+00 2.350000000000000006e-02 -2.000000000000000111e-01 2.999999999999999889e-01 6.099999999999999645e+00 2.700000000000000178e+00
7.622208000000000000e+06 3.250000000000000000e+00 4.199999999999999845e-01 4.955000000000000000e+03 7.100000000000000000e+01 4.017000000000000348e+00 1.549999999999999989e-02 -2.000000000000000111e-01 2.999999999999999889e-01 3.000000000000000000e+00 8.000000000000000444e-01
7.668623000000000000e+06 5.530000000000000249e+00 4.199999999999999845e-01 5.926000000000000000e+03 5.800000000000000000e+01 3.861000000000000210e+00 2.000000000000000042e-02 -2.000000000000000111e-01 2.999999999999999889e-01 4.099999999999999645e+00 1.149999999999999911e+00
7.680114000000000000e+06 2.630999999999999872e+01 1.860000000000000098e+00 6.606000000000000000e+03 9.900000000000000000e+01 4.177999999999999936e+00 1.300000000000000114e-02 -2.000000000000000111e-01 2.999999999999999889e-01 5.900000000000000355e+00 2.450000000000000178e+00
7.700968000000000000e+06 3.614999999999999858e+01 4.160000000000000142e+00 5.182000000000000000e+03 6.900000000000000000e+01 4.261000000000000121e+00 2.000000000000000042e-02 -2.000000000000000111e-01 2.999999999999999889e-01 1.159999999999999964e+01 4.700000000000000178e+00
7.739672000000000000e+06 1.152999999999999936e+01 1.169999999999999929e+00 6.277000000000000000e+03 4.800000000000000000e+01 4.057999999999999829e+00 2.099999999999999784e-02 -2.000000000000000111e-01 2.999999999999999889e-01 4.099999999999999645e+00 1.200000000000000178e+00
7.747078000000000000e+06 1.771000000000000085e+01 1.780000000000000027e+00 5.800000000000000000e+03 5.600000000000000000e+01 3.899000000000000021e+00 1.499999999999999944e-02 -2.000000000000000111e-01 2.999999999999999889e-01 8.900000000000000355e+00 2.600000000000000089e+00
7.771282000000000000e+06 1.188000000000000078e+01 9.100000000000000311e-01 5.982000000000000000e+03 7.500000000000000000e+01 4.131000000000000227e+00 1.700000000000000122e-02 -2.000000000000000111e-01 2.999999999999999889e-01 2.600000000000000089e+00 8.000000000000000444e-01
7.800289000000000000e+06 5.820000000000000284e+00 1.629999999999999893e+00 6.407000000000000000e+03 7.400000000000000000e+01 3.728000000000000203e+00 1.849999999999999908e-02 -2.000000000000000111e-01 2.999999999999999889e-01 1.899999999999999911e+00 6.999999999999999556e-01
7.870112000000000000e+06 3.589999999999999858e+01 2.879999999999999893e+00 5.120000000000000000e+03 6.600000000000000000e+01 4.054000000000000270e+00 2.450000000000000094e-02 -2.000000000000000111e-01 2.999999999999999889e-01 9.000000000000000000e+00 3.450000000000000178e+00
7.871531000000000000e+06 3.371999999999999886e+01 2.600000000000000089e+00 6.422000000000000000e+03 5.300000000000000000e+01 4.477999999999999758e+00 1.800000000000000211e-02 -2.000000000000000111e-01 2.999999999999999889e-01 1.340000000000000036e+01 4.750000000000000000e+00
7.910848000000000000e+06 1.231000000000000050e+01 1.139999999999999902e+00 5.656000000000000000e+03 7.900000000000000000e+01 4.110000000000000320e+00 2.450000000000000094e-02 -2.000000000000000111e-01 2.999999999999999889e-01 4.000000000000000000e+00 1.549999999999999822e+00
7.914731000000000000e+06 2.494999999999999929e+01 2.310000000000000053e+00 5.378000000000000000e+03 5.700000000000000000e+01 3.710999999999999854e+00 2.149999999999999828e-02 -2.000000000000000111e-01 2.999999999999999889e-01 3.399999999999999911e+00 8.000000000000000444e-01
7.940546000000000000e+06 1.135999999999999943e+01 9.499999999999999556e-01 6.074000000000000000e+03 5.600000000000000000e+01 3.986000000000000210e+00 1.250000000000000069e-02 -2.000000000000000111e-01 2.999999999999999889e-01 4.299999999999999822e+00 9.000000000000000222e-01
8.006161000000000000e+06 2.978999999999999915e+01 3.089999999999999858e+00 6.520000000000000000e+03 7.000000000000000000e+01 4.466999999999999638e+00 1.200000000000000025e-02 -2.000000000000000111e-01 2.999999999999999889e-01 1.219999999999999929e+01 4.750000000000000000e+00
8.016496000000000000e+06 1.121000000000000085e+01 1.649999999999999911e+00 5.394000000000000000e+03 5.600000000000000000e+01 3.983000000000000096e+00 1.600000000000000033e-02 -2.000000000000000111e-01 2.999999999999999889e-01 2.899999999999999911e+00 8.000000000000000444e-01
8.018599000000000000e+06 1.541000000000000014e+01 1.179999999999999938e+00 6.304000000000000000e+03 4.600000000000000000e+01 3.584000000000000075e+00 1.849999999999999908e-02 -2.000000000000000111e-01 2.999999999999999889e-01 2.799999999999999822e+00 6.499999999999999112e-01
8.019508000000000000e+06 1.480000000000000071e+01 1.379999999999999893e+00 5.264000000000000000e+03 1.040000000000000000e+02 3.775999999999999801e+00 2.100000000000000130e-02 -2.000000000000000111e-01 2.999999999999999889e-01 3.299999999999999822e+00 1.050000000000000044e+00
8.026226000000000000e+06 1.138000000000000078e+01 2.569999999999999840e+00 5.849000000000000000e+03 5.800000000000000000e+01 3.702999999999999847e+00 1.700000000000000122e-02 -2.000000000000000111e-01 2.999999999999999889e-01 3.100000000000000089e+00 6.999999999999999556e-01
8.045442000000000000e+06 2.321000000000000085e+01 3.029999999999999805e+00 6.013000000000000000e+03 6.200000000000000000e+01 3.644000000000000128e+00 1.849999999999999908e-02 -2.000000000000000111e-01 2.999999999999999889e-01 3.299999999999999822e+00 8.000000000000000444e-01
8.114155000000000000e+06 4.515999999999999659e+01 8.869999999999999218e+00 6.319000000000000000e+03 5.400000000000000000e+01 4.086999999999999744e+00 2.050000000000000086e-02 -2.000000000000000111e-01 2.999999999999999889e-01 7.599999999999999645e+00 2.750000000000000000e+00
8.174170000000000000e+06 2.791000000000000014e+01 2.049999999999999822e+00 6.098000000000000000e+03 6.300000000000000000e+01 3.865000000000000213e+00 1.700000000000000122e-02 -2.000000000000000111e-01 2.999999999999999889e-01 4.599999999999999645e+00 1.300000000000000044e+00
8.174981000000000000e+06 1.835000000000000142e+01 1.250000000000000000e+00 5.761000000000000000e+03 6.000000000000000000e+01 3.951999999999999957e+00 1.499999999999999944e-02 -2.000000000000000111e-01 2.999999999999999889e-01 3.899999999999999911e+00 9.000000000000000222e-01
8.176564000000000000e+06 1.541000000000000014e+01 1.709999999999999964e+00 6.265000000000000000e+03 5.800000000000000000e+01 4.136999999999999567e+00 1.400000000000000029e-02 -2.000000000000000111e-01 2.999999999999999889e-01 4.500000000000000000e+00 1.500000000000000000e+00
8.179536000000000000e+06 2.455000000000000071e+01 1.610000000000000098e+00 5.600000000000000000e+03 5.800000000000000000e+01 4.275000000000000355e+00 1.600000000000000033e-02 -2.000000000000000111e-01 2.999999999999999889e-01 1.699999999999999956e+00 1.199999999999999956e+00
8.216936000000000000e+06 3.240000000000000213e+00 2.999999999999999889e-01 6.109000000000000000e+03 5.100000000000000000e+01 4.022999999999999687e+00 2.050000000000000086e-02 -2.000000000000000111e-01 2.999999999999999889e-01 2.899999999999999911e+00 8.000000000000000444e-01
8.228742000000000000e+06 2.023000000000000043e+01 2.160000000000000142e+00 6.418000000000000000e+03 5.000000000000000000e+01 4.025000000000000355e+00 1.250000000000000069e-02 -2.000000000000000111e-01 2.999999999999999889e-01 3.799999999999999822e+00 8.500000000000000888e-01
8.249189000000000000e+06 3.169999999999999929e+00 2.200000000000000011e-01 4.949000000000000000e+03 6.000000000000000000e+01 4.094000000000000306e+00 2.649999999999999925e-02 -2.000000000000000111e-01 2.999999999999999889e-01 3.100000000000000089e+00 1.250000000000000000e+00
8.289241000000000000e+06 7.959999999999999964e+00 7.099999999999999645e-01 6.437000000000000000e+03 5.000000000000000000e+01 4.240000000000000213e+00 2.099999999999999784e-02 -2.000000000000000111e-01 2.999999999999999889e-01 4.299999999999999822e+00 2.450000000000000178e+00
8.298626000000000000e+06 2.150000000000000000e+01 1.879999999999999893e+00 6.130000000000000000e+03 5.100000000000000000e+01 4.221000000000000085e+00 1.549999999999999989e-02 -2.000000000000000111e-01 2.999999999999999889e-01 5.400000000000000355e+00 2.600000000000000089e+00
8.367710000000000000e+06 7.839999999999999858e+00 9.300000000000000488e-01 6.306000000000000000e+03 5.200000000000000000e+01 3.991999999999999993e+00 1.650000000000000078e-02 -2.000000000000000111e-01 2.999999999999999889e-01 3.000000000000000000e+00 8.000000000000000444e-01
8.377423000000000000e+06 1.139000000000000057e+01 9.799999999999999822e-01 6.211000000000000000e+03 8.400000000000000000e+01 3.951000000000000068e+00 3.849999999999999950e-02 -2.000000000000000111e-01 2.999999999999999889e-01 3.799999999999999822e+00 1.850000000000000089e+00
8.391021000000000000e+06 1.039000000000000057e+01 1.270000000000000018e+00 6.258000000000000000e+03 4.900000000000000000e+01 4.171000000000000263e+00 1.250000000000000069e-02 -2.000000000000000111e-01 2.999999999999999889e-01 3.000000000000000000e+00 9.499999999999999556e-01
8.408931000000000000e+06 1.839999999999999858e+01 1.290000000000000036e+00 6.059000000000000000e+03 5.700000000000000000e+01 3.714999999999999858e+00 1.899999999999999953e-02 -2.000000000000000111e-01 2.999999999999999889e-01 2.600000000000000089e+00 8.000000000000000444e-01
8.414062000000000000e+06 1.119999999999999929e+01 9.300000000000000488e-01 6.034000000000000000e+03 7.400000000000000000e+01 4.089000000000000412e+00 2.600000000000000228e-02 -2.000000000000000111e-01 2.999999999999999889e-01 3.500000000000000000e+00 1.350000000000000089e+00
8.416311000000000000e+06 4.860000000000000320e+00 7.500000000000000000e-01 6.250000000000000000e+03 5.100000000000000000e+01 3.903999999999999915e+00 1.549999999999999989e-02 -2.000000000000000111e-01 2.999999999999999889e-01 3.500000000000000000e+00 9.499999999999999556e-01
8.420801000000000000e+06 1.174000000000000021e+01 1.110000000000000098e+00 6.251000000000000000e+03 5.400000000000000000e+01 4.078999999999999737e+00 2.049999999999999739e-02 -2.000000000000000111e-01 2.999999999999999889e-01 3.200000000000000178e+00 1.200000000000000178e+00
8.435400000000000000e+06 6.589999999999999858e+00 5.999999999999999778e-01 6.578000000000000000e+03 6.100000000000000000e+01 3.875999999999999890e+00 1.600000000000000033e-02 -2.000000000000000111e-01 2.999999999999999889e-01 2.799999999999999822e+00 9.499999999999999556e-01
8.491374000000000000e+06 1.130000000000000071e+01 8.399999999999999689e-01 6.446000000000000000e+03 6.000000000000000000e+01 3.987000000000000099e+00 2.450000000000000094e-02 -2.000000000000000111e-01 2.999999999999999889e-01 3.399999999999999911e+00 1.149999999999999911e+00
8.493735000000000000e+06 3.042999999999999972e+01 2.370000000000000107e+00 6.506000000000000000e+03 7.300000000000000000e+01 3.746999999999999886e+00 1.499999999999999944e-02 -2.000000000000000111e-01 2.999999999999999889e-01 4.099999999999999645e+00 8.000000000000000444e-01
8.493800000000000000e+06 1.275000000000000000e+01 2.580000000000000071e+00 5.807000000000000000e+03 5.700000000000000000e+01 4.195999999999999730e+00 1.849999999999999908e-02 -2.000000000000000111e-01 2.999999999999999889e-01 3.299999999999999822e+00 1.350000000000000089e+00
8.516041000000000000e+06 7.780000000000000249e+00 8.000000000000000444e-01 6.520000000000000000e+03 6.500000000000000000e+01 4.256999999999999673e+00 2.050000000000000086e-02 -2.000000000000000111e-01 2.999999999999999889e-01 3.100000000000000089e+00 2.000000000000000000e+00
8.524425000000000000e+06 4.243999999999999773e+01 3.439999999999999947e+00 5.965000000000000000e+03 1.090000000000000000e+02 3.968999999999999861e+00 1.549999999999999989e-02 -2.000000000000000111e-01 2.999999999999999889e-01 7.099999999999999645e+00 2.100000000000000089e+00
8.561221000000000000e+06 6.893000000000000682e+01 4.690000000000000391e+00 6.023000000000000000e+03 5.800000000000000000e+01 3.600000000000000089e+00 1.549999999999999989e-02 -2.000000000000000111e-01 2.999999999999999889e-01 3.500000000000000000e+00 1.149999999999999911e+00
8.574769000000000000e+06 1.294999999999999929e+01 1.360000000000000098e+00 6.214000000000000000e+03 6.500000000000000000e+01 4.057000000000000384e+00 1.850000000000000255e-02 -2.000000000000000111e-01 2.999999999999999889e-01 1.050000000000000000e+01 3.200000000000000178e+00
8.579578000000000000e+06 3.810000000000000053e+00 6.500000000000000222e-01 5.667000000000000000e+03 5.700000000000000000e+01 3.916999999999999815e+00 1.900000000000000300e-02 -2.000000000000000111e-01 2.999999999999999889e-01 3.500000000000000000e+00 1.000000000000000000e+00
8.621637000000000000e+06 1.939999999999999858e+01 1.280000000000000027e+00 5.174000000000000000e+03 6.800000000000000000e+01 3.951000000000000068e+00 1.900000000000000300e-02 -2.000000000000000111e-01 2.999999999999999889e-01 6.299999999999999822e+00 1.950000000000000178e+00
8.656342000000000000e+06 1.449999999999999956e+00 7.000000000000000666e-02 5.229000000000000000e+03 6.000000000000000000e+01 4.091999999999999638e+00 2.500000000000000139e-02 -2.000000000000000111e-01 2.999999999999999889e-01 4.700000000000000178e+00 1.649999999999999911e+00
8.677016000000000000e+06 2.894999999999999929e+01 2.259999999999999787e+00 5.437000000000000000e+03 7.000000000000000000e+01 4.216000000000000192e+00 2.849999999999999756e-02 -2.000000000000000111e-01 2.999999999999999889e-01 9.099999999999999645e+00 4.099999999999999645e+00
8.696343000000000000e+06 5.419999999999999929e+00 5.999999999999999778e-01 5.737000000000000000e+03 7.500000000000000000e+01 4.331000000000000405e+00 1.750000000000000167e-02 -2.000000000000000111e-01 2.999999999999999889e-01 4.400000000000000355e+00 2.850000000000000089e+00
8.776961000000000000e+06 2.837999999999999901e+01 3.029999999999999805e+00 5.511000000000000000e+03 8.500000000000000000e+01 4.033000000000000362e+00 1.449999999999999900e-02 -2.000000000000000111e-01 2.999999999999999889e-01 4.900000000000000355e+00 1.750000000000000000e+00
8.915084000000000000e+06 1.817000000000000171e+01 2.790000000000000036e+00 5.777000000000000000e+03 7.200000000000000000e+01 4.149000000000000021e+00 1.399999999999999856e-02 -2.000000000000000111e-01 2.999999999999999889e-01 5.000000000000000000e+00 1.500000000000000000e+00
8.950146000000000000e+06 8.589999999999999858e+00 6.500000000000000222e-01 5.779000000000000000e+03 6.700000000000000000e+01 4.269999999999999574e+00 2.049999999999999739e-02 -2.000000000000000111e-01 2.999999999999999889e-01 2.100000000000000089e+00 1.500000000000000000e+00
8.952800000000000000e+06 2.660000000000000142e+01 2.180000000000000160e+00 5.817000000000000000e+03 6.000000000000000000e+01 3.948999999999999844e+00 1.200000000000000025e-02 -2.000000000000000111e-01 2.999999999999999889e-01 3.799999999999999822e+00 6.999999999999999556e-01
8.956017000000000000e+06 3.430000000000000160e+00 4.199999999999999845e-01 5.965000000000000000e+03 6.200000000000000000e+01 4.065999999999999837e+00 1.700000000000000122e-02 -2.000000000000000111e-01 2.999999999999999889e-01 2.600000000000000089e+00 7.500000000000000000e-01
8.981766000000000000e+06 9.279999999999999361e+00 6.500000000000000222e-01 6.343000000000000000e+03 5.800000000000000000e+01 4.089999999999999858e+00 2.049999999999999739e-02 -2.000000000000000111e-01 2.999999999999999889e-01 2.100000000000000089e+00 8.500000000000000888e-01
9.049593000000000000e+06 1.235999999999999943e+01 2.549999999999999822e+00 6.131000000000000000e+03 5.700000000000000000e+01 4.213000000000000078e+00 2.050000000000000086e-02 -2.000000000000000111e-01 2.999999999999999889e-01 3.100000000000000089e+00 1.600000000000000089e+00
9.073645000000000000e+06 1.648999999999999844e+01 2.450000000000000178e+00 5.601000000000000000e+03 6.900000000000000000e+01 3.838000000000000078e+00 1.849999999999999908e-02 -2.000000000000000111e-01 2.999999999999999889e-01 3.600000000000000089e+00 9.000000000000000222e-01
9.093289000000000000e+06 6.759999999999999787e+00 6.899999999999999467e-01 5.788000000000000000e+03 5.900000000000000000e+01 4.213000000000000078e+00 2.500000000000000139e-02 -2.000000000000000111e-01 2.999999999999999889e-01 2.899999999999999911e+00 1.700000000000000178e+00
9.098294000000000000e+06 1.978999999999999915e+01 1.330000000000000071e+00 5.669000000000000000e+03 6.500000000000000000e+01 4.302999999999999936e+00 1.449999999999999900e-02 -2.000000000000000111e-01 2.999999999999999889e-01 7.700000000000000178e+00 3.400000000000000355e+00
9.116461000000000000e+06 3.040000000000000036e+00 3.400000000000000244e-01 6.438000000000000000e+03 6.400000000000000000e+01 4.334999999999999964e+00 1.499999999999999944e-02 -2.000000000000000111e-01 2.999999999999999889e-01 5.000000000000000000e-01 8.999999999999999112e-01
9.119139000000000000e+06 4.014000000000000057e+01 3.620000000000000107e+00 5.281000000000000000e+03 7.000000000000000000e+01 3.991000000000000103e+00 2.249999999999999917e-02 -2.000000000000000111e-01 2.999999999999999889e-01 6.400000000000000355e+00 2.150000000000000355e+00
9.138680000000000000e+06 1.878999999999999915e+01 1.530000000000000027e+00 6.285000000000000000e+03 5.700000000000000000e+01 3.791999999999999815e+00 1.650000000000000078e-02 -2.000000000000000111e-01 2.999999999999999889e-01 4.099999999999999645e+00 7.500000000000000000e-01
9.163769000000000000e+06 3.180000000000000160e+00 2.200000000000000011e-01 6.405000000000000000e+03 4.400000000000000000e+01 4.208000000000000185e+00 1.750000000000000167e-02 -2.000000000000000111e-01 2.999999999999999889e-01 1.699999999999999956e+00 7.500000000000000000e-01
9.202077000000000000e+06 1.546000000000000085e+01 1.370000000000000107e+00 5.028000000000000000e+03 6.800000000000000000e+01 3.995999999999999996e+00 1.349999999999999985e-02 -2.000000000000000111e-01 2.999999999999999889e-01 3.700000000000000178e+00 7.500000000000000000e-01
9.206432000000000000e+06 8.800000000000000711e+00 1.060000000000000053e+00 6.438000000000000000e+03 1.000000000000000000e+02 4.235999999999999766e+00 1.449999999999999900e-02 -2.000000000000000111e-01 2.999999999999999889e-01 1.300000000000000044e+00 6.999999999999999556e-01
9.225600000000000000e+06 8.980000000000000426e+00 6.199999999999999956e-01 5.230000000000000000e+03 7.300000000000000000e+01 4.057000000000000384e+00 2.000000000000000042e-02 -2.000000000000000111e-01 2.999999999999999889e-01 3.399999999999999911e+00 1.149999999999999911e+00
9.226926000000000000e+06 2.169999999999999929e+00 1.499999999999999944e-01 6.119000000000000000e+03 7.000000000000000000e+01 4.153999999999999915e+00 1.650000000000000078e-02 -2.000000000000000111e-01 2.999999999999999889e-01 2.100000000000000089e+00 6.999999999999999556e-01
9.273544000000000000e+06 3.470000000000000284e+01 2.290000000000000036e+00 6.494000000000000000e+03 4.600000000000000000e+01 4.108999999999999986e+00 1.499999999999999944e-02 -2.000000000000000111e-01 2.999999999999999889e-01 6.000000000000000000e+00 2.100000000000000089e+00
9.287845000000000000e+06 9.560000000000000497e+00 1.330000000000000071e+00 6.262000000000000000e+03 5.600000000000000000e+01 3.918000000000000149e+00 2.350000000000000006e-02 -2.000000000000000111e-01 2.999999999999999889e-01 2.399999999999999911e+00 9.000000000000000222e-01
9.289275000000000000e+06 1.124000000000000021e+01 1.070000000000000062e+00 7.149000000000000000e+03 1.320000000000000000e+02 4.068999999999999950e+00 1.300000000000000114e-02 -2.000000000000000111e-01 2.999999999999999889e-01 3.500000000000000000e+00 9.000000000000000222e-01
9.292130000000000000e+06 1.885999999999999943e+01 1.969999999999999973e+00 5.971000000000000000e+03 6.300000000000000000e+01 3.894000000000000128e+00 1.449999999999999900e-02 -2.000000000000000111e-01 2.999999999999999889e-01 3.899999999999999911e+00 9.000000000000000222e-01
9.328372000000000000e+06 3.990000000000000213e+00 5.999999999999999778e-01 6.125000000000000000e+03 5.500000000000000000e+01 4.083999999999999631e+00 2.350000000000000006e-02 -2.000000000000000111e-01 2.999999999999999889e-01 3.200000000000000178e+00 1.200000000000000178e+00
9.335972000000000000e+06 2.680000000000000071e+01 3.189999999999999947e+00 6.488000000000000000e+03 6.200000000000000000e+01 3.851999999999999869e+00 1.449999999999999900e-02 -2.000000000000000111e-01 2.999999999999999889e-01 5.099999999999999645e+00 1.700000000000000178e+00
9.353712000000000000e+06 1.130000000000000071e+01 1.120000000000000107e+00 6.227000000000000000e+03 4.800000000000000000e+01 3.935999999999999943e+00 1.650000000000000078e-02 -2.000000000000000111e-01 2.999999999999999889e-01 3.100000000000000089e+00 1.000000000000000000e+00
9.390670000000000000e+06 3.549999999999999822e+00 2.500000000000000000e-01 6.572000000000000000e+03 8.000000000000000000e+01 4.094999999999999751e+00 2.350000000000000006e-02 -2.000000000000000111e-01 2.999999999999999889e-01 3.799999999999999822e+00 1.300000000000000044e+00
9.394953000000000000e+06 2.378999999999999915e+01 2.200000000000000178e+00 5.784000000000000000e+03 6.300000000000000000e+01 4.019000000000000128e+00 2.050000000000000086e-02 -2.000000000000000111e-01 2.999999999999999889e-01 7.599999999999999645e+00 2.599999999999999645e+00
9.402223000000000000e+06 4.870000000000000107e+00 8.900000000000000133e-01 6.416000000000000000e+03 5.600000000000000000e+01 3.785000000000000142e+00 1.750000000000000167e-02 -2.000000000000000111e-01 2.999999999999999889e-01 3.000000000000000000e+00 8.000000000000000444e-01
9.410862000000000000e+06 2.276999999999999957e+01 2.370000000000000107e+00 5.284000000000000000e+03 8.500000000000000000e+01 4.312000000000000277e+00 1.449999999999999900e-02 -2.000000000000000111e-01 2.999999999999999889e-01 4.200000000000000178e+00 2.549999999999999822e+00
9.414381000000000000e+06 4.674000000000000199e+01 4.370000000000000107e+00 6.246000000000000000e+03 5.000000000000000000e+01 3.879000000000000004e+00 1.200000000000000025e-02 -2.000000000000000111e-01 2.999999999999999889e-01 5.299999999999999822e+00 6.499999999999999112e-01
9.414417000000000000e+06 1.067999999999999972e+01 6.600000000000000311e-01 6.018000000000000000e+03 6.500000000000000000e+01 4.006999999999999673e+00 1.850000000000000255e-02 -2.000000000000000111e-01 2.999999999999999889e-01 4.099999999999999645e+00 1.100000000000000089e+00
9.446628000000000000e+06 1.003999999999999915e+01 8.299999999999999600e-01 6.350000000000000000e+03 5.200000000000000000e+01 3.974000000000000199e+00 2.350000000000000006e-02 -2.000000000000000111e-01 2.999999999999999889e-01 4.000000000000000000e+00 1.100000000000000089e+00
9.457728000000000000e+06 2.339999999999999858e+01 2.649999999999999911e+00 5.495000000000000000e+03 1.000000000000000000e+02 3.988999999999999879e+00 1.700000000000000122e-02 -2.000000000000000111e-01 2.999999999999999889e-01 4.799999999999999822e+00 1.049999999999999822e+00
9.468847000000000000e+06 1.465000000000000036e+01 1.760000000000000009e+00 6.298000000000000000e+03 5.900000000000000000e+01 3.995999999999999996e+00 1.600000000000000033e-02 -2.000000000000000111e-01 2.999999999999999889e-01 5.200000000000000178e+00 1.050000000000000044e+00
9.512063000000000000e+06 2.300000000000000000e+01 3.850000000000000089e+00 5.835000000000000000e+03 6.800000000000000000e+01 3.879999999999999893e+00 1.799999999999999864e-02 -2.000000000000000111e-01 2.999999999999999889e-01 5.200000000000000178e+00 1.200000000000000178e+00
9.542776000000000000e+06 7.450000000000000178e+00 5.100000000000000089e-01 6.716000000000000000e+03 5.900000000000000000e+01 3.823999999999999844e+00 4.649999999999999967e-02 -2.000000000000000111e-01 2.999999999999999889e-01 2.899999999999999911e+00 9.000000000000000222e-01
9.579208000000000000e+06 5.389999999999999680e+00 5.899999999999999689e-01 6.220000000000000000e+03 5.600000000000000000e+01 4.027000000000000135e+00 1.549999999999999989e-02 -2.000000000000000111e-01 2.999999999999999889e-01 3.500000000000000000e+00 1.049999999999999822e+00
9.696358000000000000e+06 1.705000000000000071e+01 1.550000000000000044e+00 5.431000000000000000e+03 6.400000000000000000e+01 3.932999999999999829e+00 2.099999999999999784e-02 -2.000000000000000111e-01 2.999999999999999889e-01 3.799999999999999822e+00 1.050000000000000044e+00
9.697131000000000000e+06 6.179999999999999716e+00 5.000000000000000000e-01 6.422000000000000000e+03 5.600000000000000000e+01 4.027000000000000135e+00 1.750000000000000167e-02 -2.000000000000000111e-01 2.999999999999999889e-01 3.100000000000000089e+00 9.000000000000000222e-01
9.700430000000000000e+06 2.682999999999999829e+01 2.660000000000000142e+00 6.270000000000000000e+03 5.100000000000000000e+01 4.147999999999999687e+00 1.850000000000000255e-02 -2.000000000000000111e-01 2.999999999999999889e-01 4.700000000000000178e+00 1.849999999999999867e+00
9.702369000000000000e+06 1.203999999999999915e+01 1.120000000000000107e+00 6.080000000000000000e+03 5.500000000000000000e+01 4.264000000000000234e+00 1.349999999999999985e-02 -2.000000000000000111e-01 2.999999999999999889e-01 2.000000000000000000e+00 1.100000000000000089e+00
9.702752000000000000e+06 5.484000000000000341e+01 6.379999999999999893e+00 5.790000000000000000e+03 5.500000000000000000e+01 4.051999999999999602e+00 1.800000000000000211e-02 -2.000000000000000111e-01 2.999999999999999889e-01 5.400000000000000355e+00 2.100000000000000089e+00
9.715099000000000000e+06 4.809999999999999609e+00 4.600000000000000200e-01 6.321000000000000000e+03 1.370000000000000000e+02 3.794000000000000039e+00 2.000000000000000042e-02 -2.000000000000000111e-01 2.999999999999999889e-01 3.600000000000000089e+00 9.000000000000000222e-01
9.754284000000000000e+06 1.522000000000000064e+01 1.320000000000000062e+00 6.491000000000000000e+03 6.900000000000000000e+01 4.121000000000000441e+00 1.800000000000000211e-02 -2.000000000000000111e-01 2.999999999999999889e-01 3.799999999999999822e+00 1.250000000000000000e+00
9.757640000000000000e+06 4.839999999999999858e+01 5.019999999999999574e+00 6.111000000000000000e+03 9.000000000000000000e+01 3.978000000000000203e+00 1.799999999999999864e-02 -2.000000000000000111e-01 2.999999999999999889e-01 8.599999999999999645e+00 2.250000000000000000e+00
9.762786000000000000e+06 2.430000000000000160e+00 2.099999999999999922e-01 6.431000000000000000e+03 5.000000000000000000e+01 3.991999999999999993e+00 1.700000000000000122e-02 -2.000000000000000111e-01 2.999999999999999889e-01 3.299999999999999822e+00 1.300000000000000044e+00
9.787965000000000000e+06 1.782000000000000028e+01 2.779999999999999805e+00 6.182000000000000000e+03 5.400000000000000000e+01 3.934000000000000163e+00 2.100000000000000130e-02 -2.000000000000000111e-01 2.999999999999999889e-01 4.299999999999999822e+00 1.050000000000000044e+00
9.788260000000000000e+06 3.745000000000000284e+01 5.660000000000000142e+00 5.506000000000000000e+03 9.400000000000000000e+01 3.603000000000000203e+00 1.250000000000000069e-02 -2.000000000000000111e-01 2.999999999999999889e-01 3.000000000000000000e+00 6.999999999999999556e-01
9.791157000000000000e+06 2.101999999999999957e+01 2.200000000000000178e+00 6.482000000000000000e+03 5.200000000000000000e+01 3.947999999999999954e+00 1.650000000000000078e-02 -2.000000000000000111e-01 2.999999999999999889e-01 4.099999999999999645e+00 9.499999999999999556e-01
9.812421000000000000e+06 1.271000000000000085e+01 1.209999999999999964e+00 6.630000000000000000e+03 6.800000000000000000e+01 3.551000000000000156e+00 1.250000000000000069e-02 -2.000000000000000111e-01 2.999999999999999889e-01 4.599999999999999645e+00 1.649999999999999911e+00
9.812850000000000000e+06 5.190000000000000391e+00 7.900000000000000355e-01 6.433000000000000000e+03 9.000000000000000000e+01 4.043999999999999595e+00 1.850000000000000255e-02 -2.000000000000000111e-01 2.999999999999999889e-01 4.500000000000000000e+00 1.199999999999999956e+00
9.821513000000000000e+06 1.033999999999999986e+01 1.149999999999999911e+00 6.200000000000000000e+03 6.500000000000000000e+01 4.028999999999999915e+00 1.549999999999999989e-02 -2.000000000000000111e-01 2.999999999999999889e-01 3.000000000000000000e+00 7.500000000000000000e-01
9.880787000000000000e+06 2.107000000000000028e+01 2.609999999999999876e+00 5.354000000000000000e+03 5.800000000000000000e+01 3.895999999999999908e+00 1.650000000000000078e-02 -2.000000000000000111e-01 2.999999999999999889e-01 5.200000000000000178e+00 9.499999999999999556e-01
9.893470000000000000e+06 1.565000000000000036e+01 1.330000000000000071e+00 5.852000000000000000e+03 6.300000000000000000e+01 3.584000000000000075e+00 1.650000000000000078e-02 -2.000000000000000111e-01 2.999999999999999889e-01 2.700000000000000178e+00 6.499999999999999112e-01
9.955598000000000000e+06 3.420000000000000284e+01 5.639999999999999680e+00 6.550000000000000000e+03 6.500000000000000000e+01 4.472000000000000419e+00 1.549999999999999989e-02 -2.000000000000000111e-01 2.999999999999999889e-01 1.280000000000000071e+01 4.449999999999999289e+00
1.000327000000000000e+07 7.089999999999999858e+00 4.799999999999999822e-01 5.936000000000000000e+03 5.600000000000000000e+01 3.850000000000000089e+00 1.800000000000000211e-02 -2.000000000000000111e-01 2.999999999999999889e-01 2.500000000000000000e+00 8.500000000000000888e-01
1.001623900000000000e+07 4.910000000000000142e+00 3.900000000000000133e-01 5.179000000000000000e+03 6.100000000000000000e+01 4.323000000000000398e+00 1.250000000000000069e-02 -2.000000000000000111e-01 2.999999999999999889e-01 9.000000000000000222e-01 1.050000000000000044e+00
1.002464800000000000e+07 1.058000000000000007e+01 9.200000000000000400e-01 5.434000000000000000e+03 7.700000000000000000e+01 3.982000000000000206e+00 1.299999999999999940e-02 -2.000000000000000111e-01 2.999999999999999889e-01 3.500000000000000000e+00 7.500000000000000000e-01
1.002584100000000000e+07 1.183999999999999986e+01 1.219999999999999973e+00 5.913000000000000000e+03 1.660000000000000000e+02 4.115000000000000213e+00 2.249999999999999917e-02 -2.000000000000000111e-01 2.999999999999999889e-01 5.500000000000000000e+00 2.599999999999999645e+00
1.006830700000000000e+07 1.860000000000000142e+01 2.069999999999999840e+00 6.594000000000000000e+03 6.900000000000000000e+01 3.939999999999999947e+00 1.399999999999999856e-02 -2.000000000000000111e-01 2.999999999999999889e-01 4.200000000000000178e+00 8.000000000000000444e-01
1.007075400000000000e+07 5.019999999999999574e+00 4.099999999999999756e-01 6.482000000000000000e+03 5.100000000000000000e+01 4.309999999999999609e+00 1.700000000000000122e-02 -2.000000000000000111e-01 2.999999999999999889e-01 1.600000000000000089e+00 1.449999999999999956e+00
1.007922600000000000e+07 1.481000000000000050e+01 1.229999999999999982e+00 5.769000000000000000e+03 6.500000000000000000e+01 4.371000000000000441e+00 1.449999999999999900e-02 -2.000000000000000111e-01 2.999999999999999889e-01 2.700000000000000178e+00 2.200000000000000178e+00
1.008102600000000000e+07 4.320000000000000284e+00 3.800000000000000044e-01 6.409000000000000000e+03 1.570000000000000000e+02 3.837000000000000188e+00 1.949999999999999997e-02 -2.000000000000000111e-01 2.999999999999999889e-01 3.399999999999999911e+00 7.500000000000000000e-01
1.013072400000000000e+07 3.260999999999999943e+01 2.950000000000000178e+00 6.550000000000000000e+03 5.800000000000000000e+01 4.301000000000000156e+00 1.700000000000000122e-02 -2.000000000000000111e-01 2.999999999999999889e-01 1.380000000000000071e+01 5.800000000000000711e+00
1.014763500000000000e+07 2.033999999999999986e+01 1.629999999999999893e+00 6.078000000000000000e+03 5.000000000000000000e+01 3.751999999999999780e+00 1.800000000000000211e-02 -2.000000000000000111e-01 2.999999999999999889e-01 3.200000000000000178e+00 9.499999999999999556e-01
1.016243600000000000e+07 1.196000000000000085e+01 2.049999999999999822e+00 6.503000000000000000e+03 6.100000000000000000e+01 3.955000000000000071e+00 1.700000000000000122e-02 -2.000000000000000111e-01 2.999999999999999889e-01 4.500000000000000000e+00 1.000000000000000000e+00
1.018676400000000000e+07 1.143999999999999950e+01 1.010000000000000009e+00 5.301000000000000000e+03 8.300000000000000000e+01 4.070999999999999730e+00 1.650000000000000078e-02 -2.000000000000000111e-01 2.999999999999999889e-01 4.599999999999999645e+00 1.399999999999999911e+00
1.020229400000000000e+07 2.355000000000000071e+01 2.370000000000000107e+00 6.362000000000000000e+03 6.100000000000000000e+01 3.975000000000000089e+00 2.100000000000000130e-02 -2.000000000000000111e-01 2.999999999999999889e-01 4.400000000000000355e+00 1.600000000000000089e+00
1.021432800000000000e+07 1.251999999999999957e+01 8.000000000000000444e-01 6.699000000000000000e+03 5.600000000000000000e+01 4.044999999999999929e+00 1.949999999999999997e-02 -2.000000000000000111e-01 2.999999999999999889e-01 2.500000000000000000e+00 7.500000000000000000e-01
1.021558400000000000e+07 2.225000000000000000e+01 2.939999999999999947e+00 5.648000000000000000e+03 7.000000000000000000e+01 4.325999999999999623e+00 2.450000000000000094e-02 -2.000000000000000111e-01 2.999999999999999889e-01 9.800000000000000711e+00 4.700000000000000178e+00
1.029002100000000000e+07 1.292999999999999972e+01 2.220000000000000195e+00 6.346000000000000000e+03 1.080000000000000000e+02 3.955000000000000071e+00 1.600000000000000033e-02 -2.000000000000000111e-01 2.999999999999999889e-01 3.899999999999999911e+00 9.500000000000000666e-01
1.029522400000000000e+07 2.660000000000000142e+00 6.500000000000000222e-01 6.488000000000000000e+03 7.400000000000000000e+01 3.753000000000000114e+00 2.500000000000000139e-02 -2.000000000000000111e-01 2.999999999999999889e-01 3.799999999999999822e+00 8.500000000000000888e-01
1.031935200000000000e+07 2.487000000000000099e+01 4.059999999999999609e+00 5.803000000000000000e+03 6.600000000000000000e+01 4.102000000000000313e+00 2.699999999999999969e-02 -2.000000000000000111e-01 2.999999999999999889e-01 1.140000000000000036e+01 4.000000000000000000e+00
1.032238100000000000e+07 1.209999999999999964e+01 1.500000000000000000e+00 6.923000000000000000e+03 8.000000000000000000e+01 4.197000000000000064e+00 2.649999999999999925e-02 -2.000000000000000111e-01 2.999999999999999889e-01 3.600000000000000089e+00 1.949999999999999956e+00
1.032409800000000000e+07 1.061999999999999922e+01 8.100000000000000533e-01 5.995000000000000000e+03 5.700000000000000000e+01 3.908999999999999808e+00 1.600000000000000033e-02 -2.000000000000000111e-01 2.999999999999999889e-01 3.700000000000000178e+00 9.500000000000000666e-01
1.035105900000000000e+07 9.419999999999999929e+00 1.229999999999999982e+00 5.208000000000000000e+03 6.800000000000000000e+01 4.075000000000000178e+00 1.499999999999999944e-02 -2.000000000000000111e-01 2.999999999999999889e-01 2.799999999999999822e+00 7.500000000000000000e-01
1.035585600000000000e+07 4.469999999999999751e+00 3.099999999999999978e-01 5.078000000000000000e+03 7.400000000000000000e+01 4.086000000000000298e+00 1.200000000000000025e-02 -2.000000000000000111e-01 2.999999999999999889e-01 2.799999999999999822e+00 6.499999999999999112e-01
1.045411300000000000e+07 1.460999999999999943e+01 1.090000000000000080e+00 6.370000000000000000e+03 6.800000000000000000e+01 4.304999999999999716e+00 1.549999999999999989e-02 -2.000000000000000111e-01 2.999999999999999889e-01 3.399999999999999911e+00 2.450000000000000178e+00
1.046294000000000000e+07 9.820000000000000284e+00 1.100000000000000089e+00 6.530000000000000000e+03 5.800000000000000000e+01 4.320999999999999730e+00 2.099999999999999784e-02 -2.000000000000000111e-01 2.999999999999999889e-01 2.000000000000000000e+00 1.850000000000000089e+00
1.049177100000000000e+07 3.859999999999999876e+00 6.800000000000000488e-01 6.558000000000000000e+03 5.600000000000000000e+01 4.206000000000000405e+00 1.799999999999999864e-02 -2.000000000000000111e-01 2.999999999999999889e-01 1.699999999999999956e+00 7.500000000000000000e-01
1.051855100000000000e+07 2.050000000000000000e+01 2.439999999999999947e+00 5.156000000000000000e+03 6.400000000000000000e+01 3.902000000000000135e+00 1.449999999999999900e-02 -2.000000000000000111e-01 2.999999999999999889e-01 4.099999999999999645e+00 1.000000000000000000e+00
1.061002700000000000e+07 1.939999999999999947e+00 2.399999999999999911e-01 6.412000000000000000e+03 6.500000000000000000e+01 4.227999999999999758e+00 2.299999999999999961e-02 -2.000000000000000111e-01 2.999999999999999889e-01 1.600000000000000089e+00 9.000000000000000222e-01
1.064425300000000000e+07 1.091000000000000014e+01 8.699999999999999956e-01 5.545000000000000000e+03 6.300000000000000000e+01 4.397999999999999687e+00 1.600000000000000033e-02 -2.000000000000000111e-01 2.999999999999999889e-01 2.600000000000000089e+00 2.600000000000000089e+00
1.065595300000000000e+07 6.490000000000000213e+00 5.699999999999999512e-01 6.197000000000000000e+03 4.500000000000000000e+01 4.323000000000000398e+00 2.550000000000000183e-02 -2.000000000000000111e-01 2.999999999999999889e-01 1.699999999999999956e+00 1.849999999999999867e+00
1.071289100000000000e+07 4.940999999999999659e+01 3.240000000000000213e+00 6.123000000000000000e+03 4.800000000000000000e+01 3.633000000000000007e+00 1.499999999999999944e-02 -2.000000000000000111e-01 2.999999999999999889e-01 4.000000000000000000e+00 1.299999999999999822e+00
1.071709000000000000e+07 2.121000000000000085e+01 2.370000000000000107e+00 6.242000000000000000e+03 6.000000000000000000e+01 4.126999999999999780e+00 2.450000000000000094e-02 -2.000000000000000111e-01 2.999999999999999889e-01 6.299999999999999822e+00 3.149999999999999911e+00
1.072792200000000000e+07 1.144999999999999929e+01 9.100000000000000311e-01 5.927000000000000000e+03 8.100000000000000000e+01 3.951000000000000068e+00 2.199999999999999872e-02 -2.000000000000000111e-01 2.999999999999999889e-01 4.799999999999999822e+00 1.149999999999999911e+00
1.073142400000000000e+07 5.120000000000000107e+00 5.500000000000000444e-01 6.704000000000000000e+03 5.800000000000000000e+01 3.786000000000000032e+00 2.500000000000000139e-02 -2.000000000000000111e-01 2.999999999999999889e-01 2.799999999999999822e+00 9.000000000000000222e-01
1.073209800000000000e+07 2.557000000000000028e+01 6.040000000000000036e+00 6.069000000000000000e+03 5.000000000000000000e+01 3.982000000000000206e+00 1.449999999999999900e-02 -2.000000000000000111e-01 2.999999999999999889e-01 7.799999999999999822e+00 2.149999999999999911e+00
1.079484500000000000e+07 1.399999999999999911e+00 8.000000000000000167e-02 6.594000000000000000e+03 6.100000000000000000e+01 4.366999999999999993e+00 2.400000000000000050e-02 -2.000000000000000111e-01 2.999999999999999889e-01 2.299999999999999822e+00 2.850000000000000089e+00
1.090962900000000000e+07 1.236999999999999922e+01 1.219999999999999973e+00 5.358000000000000000e+03 1.090000000000000000e+02 3.895000000000000018e+00 1.650000000000000078e-02 -2.000000000000000111e-01 2.999999999999999889e-01 4.000000000000000000e+00 8.499999999999999778e-01
1.092362900000000000e+07 5.700000000000000178e+00 1.050000000000000044e+00 5.817000000000000000e+03 7.400000000000000000e+01 3.814999999999999947e+00 1.750000000000000167e-02 -2.000000000000000111e-01 2.999999999999999889e-01 3.799999999999999822e+00 1.000000000000000000e+00
1.095936200000000000e+07 1.630999999999999872e+01 1.419999999999999929e+00 6.432000000000000000e+03 6.500000000000000000e+01 3.850999999999999979e+00 2.049999999999999739e-02 -2.000000000000000111e-01 2.999999999999999889e-01 4.799999999999999822e+00 1.550000000000000044e+00
1.096306500000000000e+07 1.258000000000000007e+01 1.699999999999999956e+00 5.796000000000000000e+03 6.700000000000000000e+01 4.293999999999999595e+00 1.449999999999999900e-02 -2.000000000000000111e-01 2.999999999999999889e-01 4.000000000000000000e+00 2.500000000000000000e+00
1.097197400000000000e+07 2.685999999999999943e+01 4.040000000000000036e+00 6.398000000000000000e+03 5.500000000000000000e+01 4.296999999999999709e+00 2.500000000000000139e-02 -2.000000000000000111e-01 2.999999999999999889e-01 7.400000000000000355e+00 4.000000000000000000e+00
1.097225200000000000e+07 1.263000000000000078e+01 9.699999999999999734e-01 5.672000000000000000e+03 6.000000000000000000e+01 3.863999999999999879e+00 1.499999999999999944e-02 -2.000000000000000111e-01 2.999999999999999889e-01 2.799999999999999822e+00 8.500000000000000888e-01
1.102676400000000000e+07 3.235999999999999943e+01 2.879999999999999893e+00 5.199000000000000000e+03 6.800000000000000000e+01 3.888999999999999790e+00 1.600000000000000033e-02 -2.000000000000000111e-01 2.999999999999999889e-01 5.299999999999999822e+00 8.500000000000000888e-01
1.107091800000000000e+07 2.910000000000000142e+00 2.099999999999999922e-01 6.316000000000000000e+03 4.500000000000000000e+01 4.070999999999999730e+00 2.149999999999999828e-02 -2.000000000000000111e-01 2.999999999999999889e-01 3.600000000000000089e+00 1.199999999999999956e+00
1.107544800000000000e+07 3.370000000000000107e+00 4.500000000000000111e-01 6.237000000000000000e+03 6.000000000000000000e+01 4.176999999999999602e+00 1.849999999999999908e-02 -2.000000000000000111e-01 2.999999999999999889e-01 2.200000000000000178e+00 8.499999999999999778e-01
1.108172900000000000e+07 2.740000000000000213e+00 3.099999999999999978e-01 5.628000000000000000e+03 5.800000000000000000e+01 4.261999999999999567e+00 1.400000000000000029e-02 -2.000000000000000111e-01 2.999999999999999889e-01 1.000000000000000000e+00 7.500000000000000000e-01
1.108278400000000000e+07 3.192999999999999972e+01 5.049999999999999822e+00 5.226000000000000000e+03 7.500000000000000000e+01 3.863999999999999879e+00 1.999999999999999695e-02 -2.000000000000000111e-01 2.999999999999999889e-01 4.900000000000000355e+00 1.949999999999999956e+00
1.108330800000000000e+07 1.676999999999999957e+01 1.689999999999999947e+00 5.452000000000000000e+03 7.200000000000000000e+01 3.919999999999999929e+00 1.549999999999999989e-02 -2.000000000000000111e-01 2.999999999999999889e-01 3.899999999999999911e+00 9.000000000000000222e-01
1.109803300000000000e+07 2.378000000000000114e+01 2.819999999999999840e+00 5.722000000000000000e+03 5.700000000000000000e+01 3.866999999999999993e+00 2.699999999999999969e-02 -2.000000000000000111e-01 2.999999999999999889e-01 4.099999999999999645e+00 1.149999999999999911e+00
1.112747900000000000e+07 1.764000000000000057e+01 1.840000000000000080e+00 6.250000000000000000e+03 9.400000000000000000e+01 4.229000000000000092e+00 1.549999999999999989e-02 -2.000000000000000111e-01 2.999999999999999889e-01 4.599999999999999645e+00 2.150000000000000355e+00
1.119368100000000000e+07 3.107999999999999829e+01 2.979999999999999982e+00 6.605000000000000000e+03 5.100000000000000000e+01 3.794000000000000039e+00 1.499999999999999944e-02 -2.000000000000000111e-01 2.999999999999999889e-01 4.599999999999999645e+00 6.499999999999999112e-01
1.122905200000000000e+07 7.980000000000000426e+00 6.999999999999999556e-01 5.923000000000000000e+03 6.200000000000000000e+01 4.192000000000000171e+00 1.900000000000000300e-02 -2.000000000000000111e-01 2.999999999999999889e-01 3.200000000000000178e+00 1.549999999999999822e+00
1.124411800000000000e+07 2.317000000000000171e+01 3.890000000000000124e+00 6.234000000000000000e+03 6.500000000000000000e+01 4.097000000000000419e+00 1.200000000000000025e-02 -2.000000000000000111e-01 2.999999999999999889e-01 5.000000000000000000e+00 6.999999999999999556e-01
1.125322600000000000e+07 3.640000000000000124e+00 3.699999999999999956e-01 6.358000000000000000e+03 6.600000000000000000e+01 4.184999999999999609e+00 1.549999999999999989e-02 -2.000000000000000111e-01 2.999999999999999889e-01 1.699999999999999956e+00 6.999999999999999556e-01
1.129471700000000000e+07 4.232000000000000028e+01 5.429999999999999716e+00 5.998000000000000000e+03 5.700000000000000000e+01 3.956999999999999851e+00 2.199999999999999872e-02 -2.000000000000000111e-01 2.999999999999999889e-01 7.000000000000000000e+00 2.000000000000000000e+00
1.138939300000000000e+07 1.468999999999999950e+01 7.399999999999999911e-01 5.604000000000000000e+03 7.300000000000000000e+01 4.009000000000000341e+00 2.000000000000000042e-02 -2.000000000000000111e-01 2.999999999999999889e-01 4.299999999999999822e+00 1.149999999999999911e+00
1.138943700000000000e+07 1.238000000000000078e+01 1.070000000000000062e+00 6.218000000000000000e+03 5.800000000000000000e+01 4.051999999999999602e+00 1.499999999999999944e-02 -2.000000000000000111e-01 2.999999999999999889e-01 5.299999999999999822e+00 1.300000000000000044e+00
1.140170800000000000e+07 1.575999999999999979e+01 2.509999999999999787e+00 6.795000000000000000e+03 9.400000000000000000e+01 3.777000000000000135e+00 1.750000000000000167e-02 -2.000000000000000111e-01 2.999999999999999889e-01 3.899999999999999911e+00 1.100000000000000089e+00
1.141471200000000000e+07 3.746000000000000085e+01 4.219999999999999751e+00 5.697000000000000000e+03 7.700000000000000000e+01 3.793000000000000149e+00 1.149999999999999981e-02 -2.000000000000000111e-01 2.999999999999999889e-01 5.400000000000000355e+00 1.049999999999999822e+00
1.145414900000000000e+07 8.109999999999999432e+00 9.599999999999999645e-01 5.618000000000000000e+03 6.400000000000000000e+01 4.363999999999999879e+00 2.000000000000000042e-02 -2.000000000000000111e-01 2.999999999999999889e-01 1.899999999999999911e+00 1.900000000000000133e+00
1.145691000000000000e+07 2.255999999999999872e+01 3.399999999999999911e+00 6.682000000000000000e+03 5.100000000000000000e+01 4.073000000000000398e+00 2.850000000000000103e-02 -2.000000000000000111e-01 2.999999999999999889e-01 4.700000000000000178e+00 2.600000000000000089e+00
1.146755000000000000e+07 1.448000000000000043e+01 2.279999999999999805e+00 5.136000000000000000e+03 8.700000000000000000e+01 3.943999999999999950e+00 1.899999999999999953e-02 -2.000000000000000111e-01 2.999999999999999889e-01 4.299999999999999822e+00 1.050000000000000044e+00
1.150698800000000000e+07 1.416999999999999993e+01 1.629999999999999893e+00 5.115000000000000000e+03 8.600000000000000000e+01 3.987999999999999989e+00 1.949999999999999997e-02 -2.000000000000000111e-01 2.999999999999999889e-01 4.500000000000000000e+00 1.049999999999999822e+00
1.155859300000000000e+07 1.010000000000000009e+00 7.000000000000000666e-02 6.608000000000000000e+03 5.800000000000000000e+01 3.575000000000000178e+00 2.049999999999999739e-02 -2.000000000000000111e-01 2.999999999999999889e-01 4.099999999999999645e+00 1.550000000000000044e+00
1.161141400000000000e+07 1.798999999999999844e+01 2.720000000000000195e+00 6.435000000000000000e+03 5.200000000000000000e+01 4.059999999999999609e+00 2.850000000000000103e-02 -2.000000000000000111e-01 2.999999999999999889e-01 4.700000000000000178e+00 1.350000000000000089e+00
1.170827300000000000e+07 1.980000000000000071e+01 2.740000000000000213e+00 6.146000000000000000e+03 5.800000000000000000e+01 4.086000000000000298e+00 2.299999999999999961e-02 -2.000000000000000111e-01 2.999999999999999889e-01 6.299999999999999822e+00 2.299999999999999822e+00
1.170920500000000000e+07 5.796000000000000085e+01 3.330000000000000071e+00 5.218000000000000000e+03 9.000000000000000000e+01 3.337000000000000188e+00 1.149999999999999981e-02 -2.000000000000000111e-01 2.999999999999999889e-01 5.400000000000000355e+00 1.600000000000000089e+00
1.180293900000000000e+07 1.723999999999999844e+01 2.149999999999999911e+00 6.279000000000000000e+03 5.500000000000000000e+01 3.718999999999999861e+00 3.049999999999999933e-02 -2.000000000000000111e-01 2.999999999999999889e-01 3.899999999999999911e+00 8.500000000000000888e-01
1.186211900000000000e+07 7.299999999999999822e+00 6.199999999999999956e-01 4.882000000000000000e+03 7.100000000000000000e+01 4.134999999999999787e+00 9.850000000000000422e-02 -2.000000000000000111e-01 2.999999999999999889e-01 5.599999999999999645e+00 2.350000000000000089e+00
1.191919200000000000e+07 6.240000000000000213e+00 4.000000000000000083e-02 4.997000000000000000e+03 7.800000000000000000e+01 3.920999999999999819e+00 2.000000000000000042e-02 -2.000000000000000111e-01 2.999999999999999889e-01 2.200000000000000178e+00 8.500000000000000888e-01
1.196218000000000000e+07 1.288000000000000078e+01 1.189999999999999947e+00 6.246000000000000000e+03 6.300000000000000000e+01 3.980999999999999872e+00 1.799999999999999864e-02 -2.000000000000000111e-01 2.999999999999999889e-01 3.600000000000000089e+00 1.050000000000000044e+00
1.197174600000000000e+07 1.953000000000000114e+01 2.109999999999999876e+00 6.754000000000000000e+03 7.000000000000000000e+01 4.221000000000000085e+00 2.000000000000000042e-02 -2.000000000000000111e-01 2.999999999999999889e-01 5.000000000000000000e+00 2.899999999999999911e+00
1.200950400000000000e+07 9.390000000000000568e+00 6.800000000000000488e-01 6.075000000000000000e+03 7.000000000000000000e+01 4.224999999999999645e+00 1.200000000000000025e-02 -2.000000000000000111e-01 2.999999999999999889e-01 2.899999999999999911e+00 1.149999999999999911e+00
1.202053200000000000e+07 8.082999999999999829e+01 9.500000000000000000e+00 5.083000000000000000e+03 7.400000000000000000e+01 3.483999999999999986e+00 1.399999999999999856e-02 -2.000000000000000111e-01 2.999999999999999889e-01 2.000000000000000000e+00 5.500000000000000444e-01
1.206912700000000000e+07 9.200000000000000400e-01 5.000000000000000278e-02 6.271000000000000000e+03 5.600000000000000000e+01 3.892999999999999794e+00 1.549999999999999989e-02 -2.000000000000000111e-01 2.999999999999999889e-01 3.600000000000000089e+00 9.000000000000000222e-01
1.211786800000000000e+07 1.780999999999999872e+01 1.629999999999999893e+00 5.629000000000000000e+03 7.200000000000000000e+01 4.232000000000000206e+00 1.849999999999999908e-02 -2.000000000000000111e-01 2.999999999999999889e-01 5.099999999999999645e+00 2.600000000000000089e+00
1.225851400000000000e+07 1.500000000000000000e+01 1.840000000000000080e+00 6.329000000000000000e+03 8.000000000000000000e+01 4.113000000000000433e+00 1.400000000000000029e-02 -2.000000000000000111e-01 2.999999999999999889e-01 5.099999999999999645e+00 1.600000000000000089e+00
1.226506300000000000e+07 7.570000000000000284e+00 7.399999999999999911e-01 5.136000000000000000e+03 7.000000000000000000e+01 4.054999999999999716e+00 2.350000000000000006e-02 -2.000000000000000111e-01 2.999999999999999889e-01 5.200000000000000178e+00 1.850000000000000089e+00
1.230414200000000000e+07 9.890000000000000568e+00 4.600000000000000200e-01 5.952000000000000000e+03 7.500000000000000000e+01 4.049000000000000377e+00 1.400000000000000029e-02 -2.000000000000000111e-01 2.999999999999999889e-01 3.500000000000000000e+00 8.499999999999999778e-01
1.235218000000000000e+07 9.570000000000000284e+00 8.599999999999999867e-01 5.392000000000000000e+03 8.100000000000000000e+01 3.948999999999999844e+00 2.149999999999999828e-02 -2.000000000000000111e-01 2.999999999999999889e-01 6.700000000000000178e+00 2.299999999999999822e+00
1.236668100000000000e+07 6.669999999999999929e+00 9.200000000000000400e-01 5.991000000000000000e+03 7.500000000000000000e+01 3.781000000000000139e+00 1.850000000000000255e-02 -2.000000000000000111e-01 2.999999999999999889e-01 3.000000000000000000e+00 8.500000000000000888e-01
1.250724000000000000e+07 1.655000000000000071e+01 1.459999999999999964e+00 4.986000000000000000e+03 8.100000000000000000e+01 4.003000000000000114e+00 1.600000000000000033e-02 -2.000000000000000111e-01 2.999999999999999889e-01 3.700000000000000178e+00 9.000000000000000222e-01
