1.430163000000000000e+06 4.160000000000000142e+00 9.200000000000000400e-01 6.520000000000000000e+03 8.400000000000000000e+01 4.221000000000000085e+00 1.349999999999999985e-02 -1.100000000000000006e-01 8.999999999999999667e-02 1.899999999999999911e+00 5.500000000000000444e-01
1.435467000000000000e+06 6.679999999999999716e+00 8.900000000000000133e-01 6.264000000000000000e+03 8.400000000000000000e+01 4.094000000000000306e+00 1.549999999999999989e-02 -1.000000000000000021e-02 8.999999999999999667e-02 3.700000000000000178e+00 1.250000000000000000e+00
2.837475000000000000e+06 3.680000000000000160e+00 3.599999999999999867e-01 6.700000000000000000e+03 8.400000000000000000e+01 4.166999999999999815e+00 1.000000000000000021e-02 -2.000000000000000042e-02 8.999999999999999667e-02 2.000000000000000000e+00 3.499999999999999778e-01
3.424541000000000000e+06 3.459999999999999964e+00 3.300000000000000155e-01 6.080000000000000000e+03 8.400000000000000000e+01 3.797000000000000153e+00 1.549999999999999989e-02 1.000000000000000021e-02 8.999999999999999667e-02 4.000000000000000000e+00 5.999999999999999778e-01
3.632418000000000000e+06 1.289000000000000057e+01 1.379999999999999893e+00 6.190000000000000000e+03 8.400000000000000000e+01 4.009999999999999787e+00 9.499999999999999764e-03 -1.600000000000000033e-01 8.999999999999999667e-02 4.099999999999999645e+00 5.500000000000000444e-01
3.656476000000000000e+06 3.167000000000000171e+01 3.529999999999999805e+00 5.710000000000000000e+03 8.400000000000000000e+01 4.224999999999999645e+00 8.000000000000000167e-03 3.400000000000000244e-01 8.999999999999999667e-02 7.200000000000000178e+00 2.000000000000000000e+00
3.733735000000000000e+06 2.560000000000000053e+00 1.900000000000000022e-01 6.715000000000000000e+03 8.400000000000000000e+01 4.277000000000000135e+00 1.400000000000000029e-02 -4.000000000000000083e-02 8.999999999999999667e-02 8.000000000000000444e-01 4.000000000000000222e-01
4.638884000000000000e+06 6.459999999999999964e+00 8.499999999999999778e-01 6.375000000000000000e+03 8.400000000000000000e+01 4.030000000000000249e+00 1.149999999999999981e-02 -2.999999999999999889e-02 8.999999999999999667e-02 3.299999999999999822e+00 5.000000000000000000e-01
4.914923000000000000e+06 2.048999999999999844e+01 2.819999999999999840e+00 5.905000000000000000e+03 8.400000000000000000e+01 4.211999999999999744e+00 7.000000000000000146e-03 1.700000000000000122e-01 8.999999999999999667e-02 4.900000000000000355e+00 1.149999999999999911e+00
5.184732000000000000e+06 1.978999999999999915e+01 2.430000000000000160e+00 5.840000000000000000e+03 8.400000000000000000e+01 4.258000000000000007e+00 7.000000000000000146e-03 3.800000000000000044e-01 8.999999999999999667e-02 4.799999999999999822e+00 1.250000000000000000e+00
5.371516000000000000e+06 5.230000000000000426e+00 4.799999999999999822e-01 6.408000000000000000e+03 8.400000000000000000e+01 3.983000000000000096e+00 9.499999999999999764e-03 1.700000000000000122e-01 8.999999999999999667e-02 2.799999999999999822e+00 5.000000000000000000e-01
5.450445000000000000e+06 1.290000000000000036e+01 1.179999999999999938e+00 6.112000000000000000e+03 8.400000000000000000e+01 3.984999999999999876e+00 8.999999999999999320e-03 5.000000000000000278e-02 8.999999999999999667e-02 3.899999999999999911e+00 5.999999999999999778e-01
5.773345000000000000e+06 1.157000000000000028e+01 1.020000000000000018e+00 6.130000000000000000e+03 8.400000000000000000e+01 3.994000000000000217e+00 8.000000000000000167e-03 2.099999999999999922e-01 8.999999999999999667e-02 3.500000000000000000e+00 5.999999999999999778e-01
5.774694000000000000e+06 1.209999999999999964e+01 1.030000000000000027e+00 5.875000000000000000e+03 8.400000000000000000e+01 4.463000000000000078e+00 1.800000000000000211e-02 7.000000000000000666e-02 8.999999999999999667e-02 1.899999999999999911e+00 1.750000000000000000e+00
5.955122000000000000e+06 1.912999999999999901e+01 2.410000000000000142e+00 5.837000000000000000e+03 8.400000000000000000e+01 3.871999999999999886e+00 8.999999999999999320e-03 -1.700000000000000122e-01 8.999999999999999667e-02 5.400000000000000355e+00 5.000000000000000000e-01
6.116048000000000000e+06 1.726000000000000156e+01 1.959999999999999964e+00 5.935000000000000000e+03 8.400000000000000000e+01 4.269000000000000128e+00 8.000000000000000167e-03 -2.399999999999999911e-01 8.999999999999999667e-02 7.599999999999999645e+00 1.850000000000000089e+00
6.508366000000000000e+06 3.700000000000000178e+00 3.499999999999999778e-01 6.354000000000000000e+03 8.400000000000000000e+01 3.927999999999999936e+00 1.099999999999999936e-02 -8.000000000000000167e-02 8.999999999999999667e-02 3.600000000000000089e+00 6.499999999999999112e-01
6.679371000000000000e+06 5.480000000000000426e+00 5.000000000000000000e-01 6.260000000000000000e+03 8.400000000000000000e+01 3.924999999999999822e+00 9.499999999999999764e-03 -1.300000000000000044e-01 8.999999999999999667e-02 3.399999999999999911e+00 5.999999999999999778e-01
7.103006000000000000e+06 4.620000000000000107e+00 4.799999999999999822e-01 6.394000000000000000e+03 8.400000000000000000e+01 4.014999999999999680e+00 1.149999999999999981e-02 5.000000000000000278e-02 8.999999999999999667e-02 3.200000000000000178e+00 5.500000000000000444e-01
7.206837000000000000e+06 4.040000000000000036e+00 2.800000000000000266e-01 6.304000000000000000e+03 8.400000000000000000e+01 4.168999999999999595e+00 1.099999999999999936e-02 1.400000000000000133e-01 8.999999999999999667e-02 2.600000000000000089e+00 5.999999999999999778e-01
7.282890000000000000e+06 5.759999999999999787e+00 5.500000000000000444e-01 6.384000000000000000e+03 8.400000000000000000e+01 3.873000000000000220e+00 1.250000000000000069e-02 2.000000000000000042e-02 8.999999999999999667e-02 3.000000000000000000e+00 7.500000000000000000e-01
7.529180000000000000e+06 1.919999999999999929e+00 3.599999999999999867e-01 6.700000000000000000e+03 8.400000000000000000e+01 4.235999999999999766e+00 1.700000000000000122e-02 -2.000000000000000042e-02 8.999999999999999667e-02 1.300000000000000044e+00 2.999999999999999889e-01
7.668623000000000000e+06 5.530000000000000249e+00 4.199999999999999845e-01 6.270000000000000000e+03 8.400000000000000000e+01 3.867999999999999883e+00 1.499999999999999944e-02 -2.000000000000000042e-02 8.999999999999999667e-02 3.899999999999999911e+00 8.000000000000000444e-01
7.680114000000000000e+06 2.630999999999999872e+01 1.860000000000000098e+00 5.855000000000000000e+03 8.400000000000000000e+01 4.177999999999999936e+00 1.000000000000000021e-02 1.100000000000000006e-01 8.999999999999999667e-02 6.500000000000000000e+00 1.550000000000000044e+00
7.747078000000000000e+06 1.771000000000000085e+01 1.780000000000000027e+00 5.840000000000000000e+03 8.400000000000000000e+01 3.907000000000000028e+00 1.000000000000000021e-02 -2.600000000000000089e-01 8.999999999999999667e-02 6.500000000000000000e+00 8.000000000000000444e-01
7.800289000000000000e+06 5.820000000000000284e+00 1.629999999999999893e+00 6.354000000000000000e+03 8.400000000000000000e+01 3.693999999999999950e+00 1.449999999999999900e-02 -2.300000000000000100e-01 8.999999999999999667e-02 3.200000000000000178e+00 5.999999999999999778e-01
7.871531000000000000e+06 3.371999999999999886e+01 2.600000000000000089e+00 5.400000000000000000e+03 8.400000000000000000e+01 4.477000000000000313e+00 1.600000000000000033e-02 -2.399999999999999911e-01 8.999999999999999667e-02 1.240000000000000036e+01 3.400000000000000355e+00
7.940546000000000000e+06 1.135999999999999943e+01 9.499999999999999556e-01 6.264000000000000000e+03 8.400000000000000000e+01 3.987000000000000099e+00 8.999999999999999320e-03 -1.900000000000000022e-01 8.999999999999999667e-02 4.200000000000000178e+00 6.999999999999999556e-01
8.006161000000000000e+06 2.978999999999999915e+01 3.089999999999999858e+00 5.390000000000000000e+03 8.400000000000000000e+01 4.485000000000000320e+00 1.000000000000000021e-02 3.400000000000000244e-01 8.999999999999999667e-02 5.099999999999999645e+00 3.250000000000000000e+00
8.026226000000000000e+06 1.138000000000000078e+01 2.569999999999999840e+00 6.230000000000000000e+03 8.400000000000000000e+01 3.694999999999999840e+00 1.099999999999999936e-02 -1.600000000000000033e-01 8.999999999999999667e-02 3.399999999999999911e+00 5.999999999999999778e-01
8.179536000000000000e+06 2.455000000000000071e+01 1.610000000000000098e+00 6.344000000000000000e+03 8.400000000000000000e+01 4.272000000000000242e+00 1.200000000000000025e-02 1.000000000000000021e-02 8.999999999999999667e-02 2.000000000000000000e+00 8.000000000000000444e-01
8.228742000000000000e+06 2.023000000000000043e+01 2.160000000000000142e+00 6.042000000000000000e+03 8.400000000000000000e+01 4.016000000000000014e+00 1.099999999999999936e-02 -1.400000000000000133e-01 8.999999999999999667e-02 4.500000000000000000e+00 8.999999999999999112e-01
8.367710000000000000e+06 7.839999999999999858e+00 9.300000000000000488e-01 6.500000000000000000e+03 8.400000000000000000e+01 3.995999999999999996e+00 1.149999999999999981e-02 1.600000000000000033e-01 8.999999999999999667e-02 2.600000000000000089e+00 5.000000000000000000e-01
8.524425000000000000e+06 4.243999999999999773e+01 3.439999999999999947e+00 5.634000000000000000e+03 8.400000000000000000e+01 3.968999999999999861e+00 8.000000000000000167e-03 1.400000000000000133e-01 8.999999999999999667e-02 7.099999999999999645e+00 8.000000000000000444e-01
8.561221000000000000e+06 6.893000000000000682e+01 4.690000000000000391e+00 5.245000000000000000e+03 8.400000000000000000e+01 3.604000000000000092e+00 1.149999999999999981e-02 -5.999999999999999778e-02 8.999999999999999667e-02 3.299999999999999822e+00 9.000000000000000222e-01
8.579578000000000000e+06 3.810000000000000053e+00 6.500000000000000222e-01 6.380000000000000000e+03 8.400000000000000000e+01 3.912999999999999812e+00 1.400000000000000029e-02 -8.999999999999999667e-02 8.999999999999999667e-02 3.500000000000000000e+00 8.000000000000000444e-01
9.098294000000000000e+06 1.978999999999999915e+01 1.330000000000000071e+00 5.840000000000000000e+03 8.400000000000000000e+01 4.299999999999999822e+00 1.099999999999999936e-02 -1.300000000000000044e-01 8.999999999999999667e-02 8.800000000000000711e+00 2.299999999999999822e+00
9.206432000000000000e+06 8.800000000000000711e+00 1.060000000000000053e+00 6.608000000000000000e+03 8.400000000000000000e+01 4.233999999999999986e+00 8.999999999999999320e-03 2.300000000000000100e-01 8.999999999999999667e-02 1.100000000000000089e+00 4.000000000000000222e-01
9.226926000000000000e+06 2.169999999999999929e+00 1.499999999999999944e-01 6.892000000000000000e+03 8.400000000000000000e+01 4.150999999999999801e+00 1.250000000000000069e-02 -2.300000000000000100e-01 8.999999999999999667e-02 2.200000000000000178e+00 2.999999999999999889e-01
9.812850000000000000e+06 5.190000000000000391e+00 7.900000000000000355e-01 6.325000000000000000e+03 8.400000000000000000e+01 4.046000000000000263e+00 1.449999999999999900e-02 -1.600000000000000033e-01 8.999999999999999667e-02 3.799999999999999822e+00 9.500000000000000666e-01
9.955598000000000000e+06 3.420000000000000284e+01 5.639999999999999680e+00 5.410000000000000000e+03 8.400000000000000000e+01 4.487000000000000099e+00 1.449999999999999900e-02 1.100000000000000006e-01 8.999999999999999667e-02 6.900000000000000355e+00 3.500000000000000000e+00
1.001623900000000000e+07 4.910000000000000142e+00 3.900000000000000133e-01 6.340000000000000000e+03 8.400000000000000000e+01 4.312999999999999723e+00 1.000000000000000021e-02 -5.000000000000000278e-02 8.999999999999999667e-02 1.800000000000000044e+00 7.500000000000000000e-01
1.006830700000000000e+07 1.860000000000000142e+01 2.069999999999999840e+00 6.114000000000000000e+03 8.400000000000000000e+01 3.927000000000000046e+00 1.499999999999999944e-02 -2.200000000000000011e-01 8.999999999999999667e-02 4.900000000000000355e+00 8.999999999999999112e-01
1.016243600000000000e+07 1.196000000000000085e+01 2.049999999999999822e+00 6.200000000000000000e+03 8.400000000000000000e+01 3.952999999999999847e+00 1.250000000000000069e-02 -8.000000000000000167e-02 8.999999999999999667e-02 4.599999999999999645e+00 6.999999999999999556e-01
1.035585600000000000e+07 4.469999999999999751e+00 3.099999999999999978e-01 6.350000000000000000e+03 8.400000000000000000e+01 4.073999999999999844e+00 9.499999999999999764e-03 -1.900000000000000022e-01 8.999999999999999667e-02 3.500000000000000000e+00 5.999999999999999778e-01
1.045411300000000000e+07 1.460999999999999943e+01 1.090000000000000080e+00 6.120000000000000000e+03 8.400000000000000000e+01 4.302999999999999936e+00 8.999999999999999320e-03 -5.999999999999999778e-02 8.999999999999999667e-02 3.700000000000000178e+00 1.100000000000000089e+00
1.046294000000000000e+07 9.820000000000000284e+00 1.100000000000000089e+00 6.154000000000000000e+03 8.400000000000000000e+01 4.317000000000000171e+00 1.549999999999999989e-02 1.000000000000000056e-01 8.999999999999999667e-02 2.500000000000000000e+00 1.100000000000000089e+00
1.064425300000000000e+07 1.091000000000000014e+01 8.699999999999999956e-01 6.030000000000000000e+03 8.400000000000000000e+01 4.402000000000000135e+00 1.250000000000000069e-02 1.199999999999999956e-01 8.999999999999999667e-02 2.000000000000000000e+00 1.250000000000000000e+00
1.092362900000000000e+07 5.700000000000000178e+00 1.050000000000000044e+00 6.214000000000000000e+03 8.400000000000000000e+01 3.818000000000000060e+00 1.399999999999999856e-02 1.600000000000000033e-01 8.999999999999999667e-02 3.600000000000000089e+00 8.000000000000000444e-01
1.096306500000000000e+07 1.258000000000000007e+01 1.699999999999999956e+00 6.060000000000000000e+03 8.400000000000000000e+01 4.285000000000000142e+00 8.999999999999999320e-03 -2.000000000000000111e-01 8.999999999999999667e-02 5.500000000000000000e+00 1.600000000000000089e+00
1.102676400000000000e+07 3.235999999999999943e+01 2.879999999999999893e+00 5.682000000000000000e+03 8.400000000000000000e+01 3.884999999999999787e+00 8.500000000000000611e-03 5.000000000000000278e-02 8.999999999999999667e-02 5.700000000000000178e+00 4.500000000000000111e-01
1.108172900000000000e+07 2.740000000000000213e+00 3.099999999999999978e-01 6.630000000000000000e+03 8.400000000000000000e+01 4.258000000000000007e+00 1.099999999999999936e-02 -1.199999999999999956e-01 8.999999999999999667e-02 1.199999999999999956e+00 4.500000000000000111e-01
