6.116048000000000000e+06 1.010000000000000009e+00 2.999999999999999889e-02 6.230000000000000426e+00 3.699999999999999956e-01 1.179999999999999973e-02 1.100000000000000066e-03 1.726000000000000156e+01 1.959999999999999964e+00 6.072000000000000000e+03 4.900000000000000000e+01
7.871531000000000000e+06 8.399999999999999689e-01 2.000000000000000042e-02 9.150000000000000355e+00 4.699999999999999734e-01 1.250000000000000069e-02 1.399999999999999986e-03 3.371999999999999886e+01 2.600000000000000089e+00 5.378000000000000000e+03 5.700000000000000000e+01
8.006161000000000000e+06 1.040000000000000036e+00 2.000000000000000042e-02 5.040000000000000036e+00 1.700000000000000122e-01 4.270000000000000184e-02 5.199999999999999761e-03 2.978999999999999915e+01 3.089999999999999858e+00 5.264000000000000000e+03 1.040000000000000000e+02
9.098294000000000000e+06 1.000000000000000000e+00 2.999999999999999889e-02 7.280000000000000249e+00 5.100000000000000089e-01 1.430000000000000021e-02 1.799999999999999951e-03 1.978999999999999915e+01 1.330000000000000071e+00 6.020000000000000000e+03 5.100000000000000000e+01
9.955598000000000000e+06 8.900000000000000133e-01 2.000000000000000042e-02 6.719999999999999751e+00 2.000000000000000111e-01 2.309999999999999901e-02 1.699999999999999905e-03 3.420000000000000284e+01 5.639999999999999680e+00 5.434000000000000000e+03 7.700000000000000000e+01
1.045411300000000000e+07 1.189999999999999947e+00 4.000000000000000083e-02 2.029999999999999805e+00 2.899999999999999800e-01 1.679999999999999896e-02 1.199999999999999895e-03 1.460999999999999943e+01 1.090000000000000080e+00 6.197000000000000000e+03 4.500000000000000000e+01
1.064425300000000000e+07 1.129999999999999893e+00 5.000000000000000278e-02 1.070000000000000062e+00 2.500000000000000000e-01 2.390000000000000110e-02 2.399999999999999790e-03 1.091000000000000014e+01 8.699999999999999956e-01 6.069000000000000000e+03 5.000000000000000000e+01
1.096306500000000000e+07 1.050000000000000044e+00 2.000000000000000042e-02 4.299999999999999822e+00 2.300000000000000100e-01 1.179999999999999973e-02 1.000000000000000021e-03 1.258000000000000007e+01 1.699999999999999956e+00 6.316000000000000000e+03 4.500000000000000000e+01
1.124411800000000000e+07 1.100000000000000089e+00 5.000000000000000278e-02 6.429999999999999716e+00 5.799999999999999600e-01 2.719999999999999848e-02 3.399999999999999811e-03 2.317000000000000171e+01 3.890000000000000124e+00 5.618000000000000000e+03 6.400000000000000000e+01
1.200950400000000000e+07 1.120000000000000107e+00 2.999999999999999889e-02 3.640000000000000124e+00 2.600000000000000089e-01 1.519999999999999997e-02 1.100000000000000066e-03 9.390000000000000568e+00 6.800000000000000488e-01 6.270000000000000000e+03 6.100000000000000000e+01
1.225851400000000000e+07 1.189999999999999947e+00 2.999999999999999889e-02 4.030000000000000249e+00 3.200000000000000067e-01 1.969999999999999876e-02 1.500000000000000031e-03 1.500000000000000000e+01 1.840000000000000080e+00 5.990000000000000000e+03 8.500000000000000000e+01
